classification,lemma_jaccard_score,overall_sim_score,cosine/length_ratio,cosine_similarity_trigrams,jaccard_similarity_score,overlap_score
1.0,0.8333333333333334,0.878936388937333,0.856008088363528,0.6900655593423543,0.8333333333333334,0.9448529411764706
1.0,0.9375,0.9432619748320836,0.8040302522073697,0.6681531047810609,0.9375,0.8888888888888888
1.0,0.6363636363636364,0.712121212121212,0.6666666666666666,0.4285714285714285,0.5,1.0
0.0,0.2857142857142857,0.4563842022153457,0.2900814673518057,0.1490711984999859,0.2857142857142857,0.7922077922077922
1.0,0.5555555555555556,0.6590455049651833,0.5412658773652742,0.50709255283711,0.5555555555555556,0.7916666666666666
0.0,0.631578947368421,0.7043314934452131,0.5665577237325318,0.6030226891555273,0.631578947368421,0.7435897435897435
1.0,0.4545454545454545,0.5970026709263687,0.4899539464934427,0.0,0.4545454545454545,0.8412698412698413
0.0,0.4117647058823529,0.5300840979814009,0.3622089663122214,0.2041241452319314,0.3333333333333333,0.8285714285714285
1.0,0.2857142857142857,0.4447328809416818,0.2773709350532632,0.0,0.2857142857142857,0.8636363636363636
1.0,0.4117647058823529,0.5562278888310742,0.4225771273642583,0.2041241452319314,0.4117647058823529,0.8
0.0,0.2,0.4314757303333053,0.2683281572999748,0.0,0.2,0.925
1.0,0.4736842105263157,0.6398913354602928,0.6049901419820201,0.2401922307076307,0.4736842105263157,0.9571428571428572
1.0,0.85,0.8739848152430962,0.7836612788698955,0.79115480528524,0.85,0.85
1.0,0.6111111111111112,0.7078700136960733,0.6197041254703731,0.3223291856101521,0.6111111111111112,0.8413461538461539
1.0,0.4736842105263157,0.5879507536477072,0.444794850220662,0.4082482904638629,0.45,0.7794117647058824
0.0,0.3809523809523809,0.4721861442042463,0.3600595188893874,0.0,0.3809523809523809,0.7
1.0,0.7692307692307693,0.8319628820726256,0.7978559231302818,0.5270462766947299,0.7692307692307693,0.9242424242424244
0.0,0.6363636363636364,0.7575757575757575,0.7777777777777778,0.4285714285714285,0.6363636363636364,1.0
1.0,0.3928571428571428,0.5705114618289457,0.484953385595146,0.2294157338705617,0.3928571428571428,0.9126984126984128
0.0,0.4285714285714285,0.5131112991278346,0.3410955201203233,0.3142696805273544,0.4285714285714285,0.6318181818181818
1.0,0.65,0.7567141667151106,0.7418736765817244,0.3450327796711771,0.65,0.9522058823529412
1.0,0.3043478260869565,0.5147033329557995,0.4092437766783998,0.1543033499620919,0.3043478260869565,0.9375
1.0,0.6363636363636364,0.7575757575757575,0.7777777777777778,0.5714285714285714,0.6363636363636364,1.0
0.0,0.2,0.3992413450724885,0.2175611005138542,0.1490711984999859,0.2,0.8441558441558441
1.0,0.5833333333333334,0.6888006925030347,0.5998236072282915,0.4738791022072738,0.5833333333333334,0.8431372549019608
1.0,0.3333333333333333,0.5237335667999858,0.4111518335151322,0.0,0.3333333333333333,0.898989898989899
0.0,0.3636363636363636,0.5391788472640596,0.5400497404254025,0.0,0.3636363636363636,0.9294117647058824
1.0,0.5454545454545454,0.6425230391477221,0.5019960159204453,0.4743416490252569,0.5454545454545454,0.7428571428571429
1.0,0.3125,0.4763771867069525,0.3216526240483431,0.0,0.3125,0.9714285714285716
1.0,0.8181818181818182,0.8787878787878789,0.8999999999999998,0.4999999999999999,0.8181818181818182,1.0
1.0,0.5294117647058824,0.6615478763947721,0.5951700641394974,0.273861278752583,0.5294117647058824,0.8928571428571429
1.0,0.3571428571428571,0.554323004112076,0.4743416490252569,0.1336306209562121,0.3571428571428571,0.9444444444444444
0.0,0.1304347826086956,0.3859849307874838,0.1922325486739415,0.0,0.1304347826086956,0.9835164835164836
1.0,0.6153846153846154,0.6942606993331631,0.6694386813952031,0.3849001794597505,0.6153846153846154,0.8051948051948052
0.0,0.4166666666666667,0.5920474583051322,0.523782800878924,0.0,0.4166666666666667,0.9305555555555556
1.0,0.6666666666666666,0.7379140372711555,0.7067726027243291,0.3651483716701107,0.6666666666666666,0.8676470588235294
1.0,0.7894736842105263,0.8354578006413401,0.7350497355317638,0.5185629788417315,0.7894736842105263,0.8519736842105263
0.0,0.3076923076923077,0.5193978856555596,0.4190262407031392,0.1543033499620919,0.3076923076923077,0.9444444444444444
0.0,0.3461538461538461,0.5420355826517915,0.4190455595981288,0.1819017187772497,0.3461538461538461,0.9736842105263156
1.0,0.75,0.7880805404834083,0.4545686450484949,0.3273268353539886,0.75,0.6428571428571429
0.0,0.25,0.4388321936425753,0.2721655269759086,0.1290994448735805,0.25,0.8333333333333333
1.0,0.5833333333333334,0.6640610505244537,0.6330096580207194,0.4714045207910316,0.5384615384615384,0.9363636363636364
1.0,0.5,0.6097187325296166,0.4664003611437281,0.2672612419124244,0.5,0.7443181818181818
1.0,0.6,0.7333333333333333,0.7499999999999999,0.0,0.6,1.0
1.0,0.25,0.4784714488978284,0.3507803800100569,0.0,0.25,0.9464285714285714
0.0,0.2083333333333333,0.4609194832486541,0.3220305943597653,0.1601281538050871,0.2083333333333333,0.9761904761904762
1.0,0.8823529411764706,0.9215686274509804,0.9375,0.7142857142857143,0.8823529411764706,1.0
1.0,0.6666666666666666,0.7562492266756062,0.701560760020114,0.6172133998483678,0.6666666666666666,0.8928571428571429
1.0,0.3,0.4854496128592251,0.3425395354310701,0.0,0.3,0.8545454545454546
0.0,0.75,0.7886751345948128,0.649519052838329,0.4780914437337574,0.75,0.75
0.0,0.6,0.6865756512070318,0.5606914914920186,0.50709255283711,0.6,0.7698209718670077
1.0,0.2857142857142857,0.504390161007803,0.3497898528780825,0.0,0.2857142857142857,0.9384615384615383
1.0,0.8235294117647058,0.8717682200270888,0.8472151069828724,0.592999453328881,0.8235294117647058,0.9416666666666668
1.0,0.4545454545454545,0.6161424485728778,0.5525508450751319,0.2864459496157732,0.4545454545454545,0.9215686274509804
1.0,0.5882352941176471,0.7133648999649087,0.6883029368995941,0.5222329678670935,0.5882352941176471,0.945054945054945
1.0,0.3157894736842105,0.5059947359321132,0.3798879687548221,0.0,0.3157894736842105,0.8831168831168832
1.0,0.8181818181818182,0.852437417654809,0.8499999999999999,0.6666666666666669,0.7391304347826086,1.0
1.0,0.6111111111111112,0.7078700136960733,0.6197041254703731,0.4834937784152281,0.6111111111111112,0.8413461538461539
1.0,0.3333333333333333,0.5555555555555555,0.5000000000000001,0.0625,0.3333333333333333,1.0
1.0,0.6,0.7333333333333333,0.7499999999999999,0.0,0.6,1.0
1.0,0.7857142857142857,0.8192779439521631,0.6964612760505072,0.6735753140545634,0.7857142857142857,0.7857142857142857
0.0,0.4,0.5844875297485307,0.5200705032248685,0.3535533905932737,0.4,0.9454545454545454
0.0,0.1875,0.4412277660168379,0.2846049894151541,0.0,0.1875,0.9666666666666668
1.0,0.8333333333333334,0.878936388937333,0.856008088363528,0.6900655593423543,0.8333333333333334,0.9448529411764706
1.0,0.65,0.7628306608247389,0.7558641345169833,0.6454972243679028,0.6666666666666666,0.954248366013072
1.0,0.5,0.6314757303333053,0.5366563145999496,0.0,0.5,0.85
0.0,0.375,0.5723291856101521,0.4432026302139591,0.4216370213557839,0.375,0.9545454545454546
0.0,0.4,0.5844875297485307,0.5200705032248685,0.2357022603955158,0.4,0.9454545454545454
1.0,0.4545454545454545,0.6363636363636364,0.625,0.1428571428571428,0.4545454545454545,1.0
0.0,0.1578947368421052,0.3572394732342216,0.1619847741468116,0.1178511301977579,0.1578947368421052,0.8392857142857143
1.0,0.6363636363636364,0.7029897609114545,0.6841980081876199,0.3779644730092272,0.6363636363636364,0.8383838383838385
1.0,0.7222222222222222,0.7647603433477473,0.6137708673769093,0.82915619758885,0.7222222222222222,0.7222222222222222
1.0,0.5833333333333334,0.7051166549057268,0.6640783086353597,0.4714045207910317,0.5833333333333334,0.9222222222222222
1.0,0.4615384615384615,0.6239200737091456,0.5692099788303083,0.1336306209562121,0.4615384615384615,0.9333333333333332
1.0,0.7333333333333333,0.7974955888130727,0.727430078392719,0.7302967433402214,0.7333333333333333,0.8690476190476191
0.0,0.3571428571428571,0.546262013775921,0.3782046792444745,0.0,0.3571428571428571,0.898989898989899
1.0,0.75,0.788675134594813,0.649519052838329,0.4082482904638631,0.75,0.75
1.0,0.7647058823529411,0.8216087037997891,0.7600241566884569,0.7715167498104596,0.7647058823529411,0.8839285714285714
1.0,0.6,0.658198889747161,0.4647580015448899,0.4193139346887673,0.6,0.6
1.0,0.6,0.7066220703359333,0.6368304537746307,0.4020151261036848,0.6,0.8741258741258741
1.0,0.5384615384615384,0.6604857035521227,0.5756125669211851,0.2519763153394848,0.5384615384615384,0.8585858585858586
1.0,0.3333333333333333,0.5237335667999858,0.4111518335151322,0.1259881576697424,0.3333333333333333,0.898989898989899
1.0,0.5263157894736842,0.6729077873422215,0.6440611887195307,0.3202563076101743,0.5263157894736842,0.9523809523809524
0.0,0.375,0.5542903097250923,0.4564354645876384,0.0,0.375,0.9
1.0,0.6842105263157895,0.7894736842105262,0.8125,0.5714285714285714,0.6842105263157895,1.0
1.0,0.4666666666666667,0.6154014208362035,0.5325080420189114,0.1118033988749894,0.4666666666666667,0.8833333333333334
1.0,0.5454545454545454,0.685666957996129,0.752798792009841,0.3535533905932737,0.5454545454545454,0.9272727272727272
1.0,0.5652173913043478,0.6921133618452043,0.6471983651605222,0.3131121455425747,0.5652173913043478,0.9195046439628484
0.0,0.5,0.5992413450724885,0.4351222010277085,0.4472135954999579,0.5,0.6883116883116883
1.0,0.3333333333333333,0.4801678417339481,0.304746912793662,0.073127242412713,0.28,0.8299595141700404
1.0,0.6,0.7131121455425747,0.6630610140901583,0.5728918992315464,0.6,0.9058823529411764
0.0,0.3076923076923077,0.5193978856555596,0.4190262407031392,0.0,0.3076923076923077,0.9444444444444444
1.0,0.4444444444444444,0.6049029962204802,0.5290400570128866,0.0912870929175276,0.4444444444444444,0.9047619047619048
1.0,0.7777777777777778,0.812490886414584,0.6859355250908198,0.6761234037828131,0.7777777777777778,0.7777777777777778
1.0,0.5909090909090909,0.717881165875244,0.7018738391943418,0.5809475019311126,0.5909090909090909,0.9575163398692812
1.0,0.5384615384615384,0.6604857035521227,0.5756125669211851,0.1259881576697424,0.5384615384615384,0.8585858585858586
0.0,0.5,0.6376236430584256,0.5578655678293358,0.4160251471689218,0.5,0.8777777777777779
1.0,0.4736842105263157,0.626105919101298,0.5585696017507576,0.3344968040028363,0.4736842105263157,0.9076923076923076
1.0,0.5882352941176471,0.6685422619413814,0.5182226234930312,0.5345224838248488,0.5882352941176471,0.7159090909090909
1.0,0.4166666666666667,0.5239607597364433,0.3357040663072711,0.1666666666666666,0.4166666666666667,0.6212121212121211
0.0,0.375,0.5723291856101521,0.517069735249619,0.2108185106778919,0.375,0.9545454545454546
1.0,0.6190476190476191,0.7218404238660686,0.6431685185902933,0.3889222341312986,0.6190476190476191,0.8717105263157895
1.0,0.75,0.8103164454170875,0.7447594690010102,0.5853694070049636,0.75,0.8769230769230769
1.0,0.4583333333333333,0.5979082286578986,0.6314817739010611,0.2357022603955158,0.4583333333333333,0.9333333333333332
0.0,0.4117647058823529,0.5710095305860091,0.547384110765121,0.0,0.4117647058823529,0.9551282051282052
1.0,0.4,0.6,0.5714285714285714,0.0,0.4,1.0
1.0,0.4666666666666667,0.5884612092237257,0.4480270815665312,0.4558423058385518,0.4666666666666667,0.7606837606837606
1.0,0.6666666666666666,0.7369534140952966,0.5898930887958853,0.3698001308168194,0.6666666666666666,0.7575757575757576
0.0,0.1666666666666666,0.4444444444444444,0.4117647058823529,0.0,0.1666666666666666,1.0
1.0,0.8571428571428571,0.8634920634920635,0.8461538461538463,0.7272727272727273,0.7333333333333333,1.0
1.0,0.3571428571428571,0.5223628599027187,0.3876376661011099,0.0,0.3571428571428571,0.8295454545454546
1.0,0.6666666666666666,0.7166099714203531,0.5443310539518174,0.1889822365046136,0.6666666666666666,0.6666666666666666
1.0,0.8,0.853386239012789,0.8086898285216189,0.7161148740394329,0.8,0.8901960784313725
1.0,0.6666666666666666,0.7647007520546186,0.7390530175619408,0.5720775535473553,0.6666666666666666,0.935897435897436
1.0,0.6842105263157895,0.747746272637095,0.558655555371602,0.3500700210070024,0.6842105263157895,0.7556390977443609
0.0,0.2666666666666666,0.4188908942101292,0.564975113060421,0.2010075630518424,0.2666666666666666,0.916083916083916
1.0,0.5833333333333334,0.7051166549057268,0.6640783086353597,0.5345224838248487,0.5833333333333334,0.9222222222222222
1.0,0.4375,0.5307416340692871,0.3436215967445457,0.4364357804719848,0.3529411764705882,0.7619047619047619
1.0,0.3076923076923077,0.5193978856555596,0.4190262407031393,0.0668153104781061,0.3076923076923077,0.9444444444444444
1.0,0.7142857142857143,0.8095238095238096,0.8333333333333335,0.6999999999999998,0.7142857142857143,1.0
1.0,0.6875,0.7795413705531439,0.7571332305895535,0.4351941398892446,0.6875,0.9395604395604396
1.0,0.3461538461538461,0.5165430340939349,0.5817538139110048,0.2286647801900118,0.3461538461538461,0.9736842105263158
0.0,0.2857142857142857,0.464793257075465,0.3526933713419244,0.1839418018454897,0.2857142857142857,0.8809523809523809
1.0,0.7857142857142857,0.844065831419698,0.8129583193181349,0.4767312946227962,0.7857142857142857,0.9294871794871796
1.0,0.3333333333333333,0.5039403071317278,0.3622089663122214,0.1020620726159657,0.3333333333333333,0.8285714285714285
1.0,0.6956521739130435,0.7723748158662128,0.7053867426838488,0.2867696673382022,0.6956521739130435,0.873015873015873
1.0,0.6470588235294118,0.7416889944366954,0.6826961799175927,0.1672484020014181,0.6470588235294118,0.8871794871794871
1.0,0.3888888888888889,0.5795155668694335,0.5173371122933585,0.0953462589245592,0.3888888888888889,0.9551282051282052
1.0,0.4,0.5553418012614796,0.4330127018922194,0.0,0.4,0.8333333333333334
1.0,0.4210526315789473,0.6019097916057755,0.5506423495196753,0.0870388279778489,0.4210526315789473,0.956043956043956
1.0,0.6842105263157895,0.7419713261147077,0.6669389422208677,0.2773500981126146,0.6842105263157895,0.8555555555555555
1.0,0.2222222222222222,0.4814814814814815,0.5,0.0,0.2222222222222222,1.0
1.0,0.5833333333333334,0.7051166549057268,0.6640783086353597,0.4008918628686365,0.5833333333333334,0.9222222222222222
1.0,1.0,1.0,1.0,0.9999999999999998,1.0,1.0
0.0,0.3333333333333333,0.5555555555555556,0.5000000000000001,0.0,0.3333333333333333,1.0
1.0,0.75,0.8090350231003688,0.8320832200929599,0.6063390625908325,0.75,0.953216374269006
1.0,0.6470588235294118,0.7249733214710713,0.6049901419820201,0.4003203845127179,0.5555555555555556,0.9523809523809524
1.0,0.5833333333333334,0.7051166549057268,0.6640783086353597,0.5345224838248487,0.5833333333333334,0.9222222222222222
0.0,0.1851851851851851,0.4484624131067525,0.3238810360525577,0.0,0.1851851851851851,0.9816176470588236
0.0,0.6666666666666666,0.7606722104612823,0.7905694150420948,0.625,0.6666666666666666,1.0
0.0,0.15,0.4191423692521127,0.2393567769390845,0.0,0.15,0.9772727272727272
0.0,0.4482758620689655,0.6119000915626143,0.5444339423477749,0.3086066999241839,0.4482758620689655,0.9152173913043478
1.0,0.3333333333333333,0.4943877491981308,0.3402069087198858,0.0,0.3333333333333333,0.7916666666666667
0.0,0.2631578947368421,0.4571566814007335,0.3018408052601845,0.0,0.2631578947368421,0.8571428571428572
1.0,0.4545454545454545,0.5672282776640422,0.3705633929927768,0.3333333333333333,0.4545454545454545,0.6212121212121211
1.0,0.8571428571428571,0.9047619047619048,0.9230769230769232,0.7272727272727273,0.8571428571428571,1.0
1.0,0.7222222222222222,0.8042300936654329,0.7866997421983816,0.6671243849949912,0.7222222222222222,0.9458333333333332
1.0,0.7777777777777778,0.8518518518518517,0.875,0.6428571428571429,0.7777777777777778,1.0
1.0,0.375,0.5019763153394848,0.3239695482936233,0.0,0.375,0.6785714285714286
1.0,0.5,0.6666666666666666,0.6666666666666666,0.4285714285714285,0.5,1.0
1.0,0.2105263157894736,0.4224021592442645,0.3254437869822486,0.0,0.2105263157894736,0.944055944055944
1.0,0.8,0.8666666666666667,0.8888888888888891,0.5625,0.8,1.0
0.0,0.3333333333333333,0.5161945901182877,0.3919631571947541,0.0,0.3333333333333333,0.873015873015873
1.0,0.4117647058823529,0.5562278888310742,0.4225771273642583,0.1020620726159657,0.4117647058823529,0.8
0.0,0.625,0.7021162795258918,0.5708992257184502,0.6471502289294341,0.625,0.7575757575757576
1.0,0.5294117647058824,0.6615478763947721,0.5951700641394974,0.4564354645876384,0.5294117647058824,0.8928571428571429
1.0,0.7647058823529411,0.8028202792324715,0.5601783308279374,0.5547001962252291,0.7647058823529411,0.8555555555555555
0.0,0.4210526315789473,0.5363567506684217,0.3609247006340566,0.3651483716701106,0.4210526315789473,0.6705882352941176
1.0,0.4666666666666667,0.5779913674529231,0.4927020117079605,0.1066003581778052,0.4666666666666667,0.8384615384615385
1.0,0.5333333333333333,0.6427534803632239,0.5584991461911972,0.4216370213557839,0.4375,0.946969696969697
1.0,0.5,0.5868796097518884,0.50709255283711,0.3872983346207417,0.5,0.7083333333333334
1.0,0.5625,0.6952563076101743,0.6651477158057467,0.3813850356982369,0.5625,0.9423076923076924
1.0,0.625,0.7252733665908505,0.6613000712661081,0.6708203932499369,0.625,0.8809523809523809
0.0,0.6,0.6939723678960656,0.5879447357921312,0.2886751345948129,0.6,0.8095238095238095
0.0,0.4666666666666667,0.610453281155736,0.5705109593791674,0.5368754921931592,0.4666666666666667,0.7794117647058824
1.0,0.75,0.8178208630818641,0.7801057548373027,0.2357022603955158,0.75,0.9181818181818182
1.0,0.3888888888888889,0.5314247862351679,0.3810317377662721,0.098058067569092,0.3888888888888889,0.7666666666666667
1.0,0.7058823529411765,0.7945300072299677,0.8038996178555102,0.3706246583305506,0.7058823529411765,0.9458333333333332
1.0,0.65,0.7411268389588795,0.7751836437976719,0.6454972243679028,0.65,0.954248366013072
1.0,0.6153846153846154,0.6989315448512231,0.5773502691896257,0.4780914437337574,0.6153846153846154,0.7777777777777778
0.0,0.3333333333333333,0.5555555555555555,0.4999999999999999,0.2499999999999999,0.3333333333333333,1.0
1.0,0.4166666666666667,0.5920474583051322,0.523782800878924,0.4629100498862757,0.4166666666666667,0.9305555555555556
1.0,0.5555555555555556,0.6590455049651833,0.5412658773652742,0.2041241452319315,0.5555555555555556,0.7916666666666666
0.0,0.3333333333333333,0.5237335667999858,0.4111518335151322,0.0,0.3333333333333333,0.898989898989899
1.0,0.2222222222222222,0.4524384578732405,0.3042903097250923,0.0,0.2222222222222222,0.9333333333333332
1.0,0.5333333333333333,0.6312789528450592,0.3732870609457895,0.0,0.5333333333333333,0.806060606060606
0.0,0.4285714285714285,0.6190476190476191,0.5999999999999999,0.1249999999999999,0.4285714285714285,1.0
1.0,0.4545454545454545,0.6363636363636364,0.6249999999999999,0.1666666666666666,0.4545454545454545,1.0
1.0,0.7333333333333333,0.8124640033536058,0.7726181304565692,0.3481553119113957,0.7333333333333333,0.9395604395604396
1.0,0.7894736842105263,0.8596491228070176,0.9230769230769232,0.6666666666666669,0.7894736842105263,1.0
0.0,0.4615384615384615,0.6239200737091456,0.5692099788303083,0.5345224838248487,0.4615384615384615,0.9333333333333332
0.0,0.4074074074074074,0.5407958893006877,0.3862304949547709,0.3026137663344012,0.4074074074074074,0.7449275362318841
1.0,0.4285714285714285,0.5872256302920493,0.4933822002181587,0.1259881576697424,0.4285714285714285,0.8787878787878788
0.0,0.4444444444444444,0.552010057088501,0.5499726105273524,0.0778498944161523,0.4444444444444444,0.8371040723981901
1.0,0.3157894736842105,0.4914145959954116,0.4667066809575584,0.0,0.3157894736842105,0.8833333333333333
1.0,0.35,0.5567141667151106,0.5659164584181103,0.0,0.35,0.961904761904762
1.0,0.4444444444444444,0.6211894411232617,0.5848076606885377,0.2286647801900118,0.4444444444444444,0.968421052631579
1.0,0.5454545454545454,0.677906044163718,0.6285393610547089,0.0,0.5454545454545454,0.9166666666666666
1.0,0.5,0.6314757303333053,0.5366563145999496,0.5773502691896258,0.5,0.85
0.0,0.5833333333333334,0.7051166549057268,0.6640783086353597,0.2672612419124243,0.5833333333333334,0.9222222222222222
0.0,0.2777777777777778,0.4775378582875283,0.3373300074257805,0.1066003581778052,0.2777777777777778,0.8846153846153846
1.0,0.8421052631578947,0.8672911539326789,0.7727687877745237,0.6482037235521644,0.8421052631578947,0.8421052631578947
0.0,0.3125,0.4698215135175787,0.3017171309818215,0.3692744729379982,0.3125,0.7596153846153846
1.0,0.3333333333333333,0.5034427181329247,0.3067859955389481,0.098058067569092,0.3333333333333333,0.8
0.0,0.4166666666666667,0.487635973411657,0.2685632530458169,0.3333333333333333,0.3076923076923077,0.696969696969697
1.0,0.6875,0.7795413705531439,0.7571332305895535,0.6092717958449424,0.6875,0.9395604395604396
0.0,0.5,0.634975036280328,0.5706720589090188,0.5520524474738834,0.4347826086956521,0.9632352941176472
1.0,0.5833333333333334,0.6645183643074363,0.5692099788303083,0.5345224838248487,0.4615384615384615,0.9333333333333332
1.0,0.5,0.6248248773984021,0.5143968424677684,0.0778498944161523,0.5,0.8190045248868778
1.0,0.4117647058823529,0.5660013479866373,0.4932933822639624,0.0,0.4117647058823529,0.806060606060606
1.0,0.6923076923076923,0.765828771263554,0.6846531968814576,0.3354101966249684,0.6923076923076923,0.85
1.0,0.25,0.4388321936425753,0.2721655269759087,0.0,0.25,0.8333333333333333
1.0,0.6666666666666666,0.7399128645870837,0.6331466145913701,0.5773502691896257,0.6666666666666666,0.8051948051948052
1.0,0.4166666666666667,0.5920474583051322,0.523782800878924,0.0,0.4166666666666667,0.9305555555555556
0.0,0.7222222222222222,0.7839765524724917,0.6939592805087877,0.6708203932499369,0.7222222222222222,0.8361344537815125
1.0,0.2857142857142857,0.5238095238095237,0.4444444444444444,0.0,0.2857142857142857,1.0
1.0,0.6363636363636364,0.7223848212423962,0.6260990336999411,0.4330127018922193,0.6363636363636364,0.825
1.0,0.2727272727272727,0.4704933164129947,0.3247595264191645,0.1690308509457033,0.2727272727272727,0.875
1.0,0.7,0.7524976419041813,0.4365418530900224,0.2721655269759087,0.7,0.7613636363636364
1.0,0.8571428571428571,0.9047619047619048,0.9230769230769232,0.7272727272727273,0.8571428571428571,1.0
1.0,0.5882352941176471,0.69029925974507,0.596284793999944,0.7016464154456235,0.5882352941176471,0.8333333333333333
0.0,0.3636363636363636,0.5542290246554042,0.4677071733467427,0.1543033499620919,0.3636363636363636,0.9285714285714286
0.0,0.3636363636363636,0.5145897694001511,0.3628873693012115,0.0,0.3636363636363636,0.7777777777777778
1.0,0.4,0.528154846850912,0.3620605571781858,0.492365963917331,0.4,0.7115384615384616
1.0,0.7222222222222222,0.7740156687141658,0.7261843774138907,0.2964997266644405,0.631578947368421,0.95
0.0,0.1875,0.4412277660168379,0.2846049894151541,0.0,0.1875,0.9666666666666668
1.0,0.6363636363636364,0.7223848212423962,0.6260990336999411,0.2886751345948129,0.6363636363636364,0.825
1.0,0.631578947368421,0.696354720113817,0.5871963142766665,0.223606797749979,0.55,0.8613445378151261
1.0,0.375,0.5542903097250923,0.4564354645876384,0.1118033988749894,0.375,0.9
1.0,0.4444444444444444,0.5598194346436612,0.3952847075210474,0.0,0.4444444444444444,0.7
1.0,0.5,0.6451381155644951,0.5846339666834284,0.0,0.5,0.9107142857142856
0.0,0.4166666666666667,0.5792891223555414,0.6030226891555273,0.2857142857142857,0.4166666666666667,1.0
0.0,0.375,0.5019763153394848,0.3239695482936233,0.4714045207910317,0.375,0.6785714285714286
1.0,0.2608695652173913,0.4655797101449275,0.3828125,0.1543033499620919,0.2608695652173913,0.9464285714285714
1.0,0.4,0.5844875297485307,0.5200705032248685,0.0,0.4,0.9454545454545454
1.0,0.4166666666666667,0.6011586111595552,0.7165825285164383,0.1178511301977579,0.4166666666666667,0.9363636363636364
1.0,0.4545454545454545,0.5401488238710083,0.3485685011586675,0.223606797749979,0.391304347826087,0.7
1.0,0.6521739130434783,0.7681159420289854,0.7894736842105262,0.5294117647058824,0.6521739130434783,1.0
1.0,0.6666666666666666,0.7647007520546186,0.7390530175619408,0.3813850356982369,0.6666666666666666,0.935897435897436
0.0,0.3076923076923077,0.5193978856555596,0.4190262407031392,0.3086066999241838,0.3076923076923077,0.9444444444444444
1.0,0.7857142857142857,0.7968583799380314,0.680448531544916,0.5477225575051661,0.6666666666666666,0.8809523809523809
1.0,0.5714285714285714,0.6852426906774735,0.6085806194501846,0.5590169943749475,0.5714285714285714,0.8666666666666666
1.0,0.4615384615384615,0.6239200737091456,0.5692099788303083,0.2672612419124243,0.4615384615384615,0.9333333333333332
1.0,0.75,0.7791452631195414,0.8640210525128658,0.7833494518006403,0.75,0.934065934065934
0.0,0.5625,0.6952563076101743,0.6651477158057467,0.3813850356982369,0.5625,0.9423076923076924
0.0,0.4736842105263157,0.6491228070175438,0.6428571428571429,0.4166666666666667,0.4736842105263157,1.0
1.0,0.7272727272727273,0.7645639487412428,0.8283881046054752,0.2108185106778919,0.7272727272727273,0.9242424242424244
1.0,0.9,0.8586520084410804,0.758946638440411,0.6681531047810609,0.7272727272727273,0.9111111111111112
1.0,0.75,0.8333333333333334,0.8571428571428571,0.6666666666666667,0.75,1.0
1.0,0.5333333333333333,0.6589495737616243,0.6462831157052353,0.0953462589245592,0.5333333333333333,0.9487179487179488
1.0,0.6153846153846154,0.7280772733382744,0.6934273376331581,0.5892556509887895,0.6153846153846154,0.9272727272727272
1.0,0.4,0.5844875297485307,0.5200705032248685,0.2357022603955158,0.4,0.9454545454545454
0.0,0.3636363636363636,0.5542290246554042,0.4677071733467427,0.2314550249431378,0.3636363636363636,0.9285714285714286
1.0,0.4,0.550862684358107,0.506941941033633,0.0741249316661101,0.3333333333333333,0.9666666666666668
1.0,0.782608695652174,0.8470391547509603,0.8364857768130284,0.7570332986102252,0.782608695652174,0.9571428571428572
1.0,0.6153846153846154,0.6717445904406557,0.4827474095709145,0.3692744729379982,0.6153846153846154,0.6153846153846154
1.0,0.6666666666666666,0.7777777777777777,0.7999999999999999,0.6153846153846154,0.6666666666666666,1.0
1.0,0.6666666666666666,0.7503320896051934,0.6761726893027082,0.5185629788417315,0.6666666666666666,0.8618421052631579
0.0,0.3076923076923077,0.4840148806395636,0.3346640106136302,0.0,0.3076923076923077,0.8285714285714286
0.0,0.3333333333333333,0.5161945901182877,0.3919631571947541,0.0,0.3333333333333333,0.873015873015873
1.0,0.4782608695652174,0.6429424414862271,0.7071313347841793,0.3162277660168379,0.4782608695652174,0.9363636363636364
1.0,0.7142857142857143,0.8095238095238096,0.8333333333333335,0.0,0.7142857142857143,1.0
1.0,0.3,0.5086066999241838,0.3967800427596649,0.0,0.3,0.9285714285714286
0.0,0.2307692307692307,0.444803340827477,0.3055050463303893,0.0,0.2307692307692307,0.8714285714285714
0.0,0.4,0.5553418012614796,0.4330127018922194,0.4225771273642583,0.4,0.8333333333333334
1.0,0.6470588235294118,0.7364420925678942,0.6373774391990983,0.4029114820126901,0.6470588235294118,0.8413461538461539
1.0,0.3636363636363636,0.5026878515454265,0.4472135954999579,0.0,0.25,1.0
1.0,0.48,0.644442842261525,0.614733806390258,0.3031695312954162,0.48,0.9649122807017544
1.0,0.4782608695652174,0.5977272552215034,0.4601630145937415,0.1360827634879543,0.4782608695652174,0.7642857142857143
1.0,0.3333333333333333,0.5555555555555556,0.5000000000000001,0.2999999999999999,0.3333333333333333,1.0
1.0,0.2857142857142857,0.4886185874761624,0.3577708763999663,0.0,0.2857142857142857,0.9
1.0,0.3636363636363636,0.5339157864893113,0.4115174739742147,0.1556997888323046,0.3636363636363636,0.8552036199095022
1.0,0.6,0.7066220703359333,0.6368304537746307,0.3015113445777636,0.6,0.8741258741258741
1.0,0.3076923076923077,0.5193978856555596,0.4190262407031392,0.3086066999241838,0.3076923076923077,0.9444444444444444
0.0,0.9444444444444444,0.9535714015654796,0.9178350204849084,0.8391463916782737,0.9444444444444444,0.9444444444444444
1.0,0.625,0.6934106214928114,0.5951700641394974,0.273861278752583,0.5294117647058824,0.8928571428571429
1.0,0.4642857142857143,0.6044077218336038,0.500020546960086,0.2182178902359924,0.4642857142857143,0.8429951690821256
1.0,0.5882352941176471,0.6953263940405142,0.7356913959435434,0.2401922307076307,0.5882352941176471,0.9476190476190476
1.0,0.8571428571428571,0.8839285714285715,0.9375,0.6666666666666667,0.8571428571428571,1.0
1.0,0.3333333333333333,0.5555555555555555,0.4999999999999999,0.0,0.3333333333333333,1.0
1.0,0.4782608695652174,0.6521739130434782,0.6470588235294118,0.0666666666666666,0.4782608695652174,1.0
0.0,0.25,0.4388321936425753,0.2721655269759086,0.098058067569092,0.25,0.8333333333333333
1.0,0.65,0.7582264781602986,0.7751836437976719,0.5163977794943222,0.65,0.954248366013072
1.0,0.4615384615384615,0.6239200737091456,0.5692099788303083,0.1336306209562121,0.4615384615384615,0.9333333333333332
0.0,0.5652173913043478,0.7101449275362318,0.7619047619047619,0.2352941176470588,0.5652173913043478,1.0
1.0,0.3571428571428571,0.4645506449241572,0.2612947001872144,0.1507556722888818,0.3571428571428571,0.5512820512820513
1.0,0.5714285714285714,0.6852426906774735,0.6085806194501846,0.2236067977499789,0.5714285714285714,0.8666666666666666
1.0,0.4444444444444444,0.6049029962204802,0.5290400570128866,0.0912870929175276,0.4444444444444444,0.9047619047619048
1.0,0.5555555555555556,0.7037037037037036,0.7142857142857142,0.0,0.5555555555555556,1.0
1.0,0.4615384615384615,0.6119826174174001,0.6390096504226938,0.1249999999999999,0.4615384615384615,1.0
1.0,0.6842105263157895,0.7692524964197677,0.7183160985976713,0.6445033866354896,0.6842105263157895,0.8980392156862744
1.0,0.6,0.7333333333333334,0.7500000000000001,0.4999999999999999,0.6,1.0
1.0,0.4166666666666667,0.5566644532891364,0.4183300132670377,0.0,0.4166666666666667,0.7857142857142857
1.0,0.2857142857142857,0.4668615896724737,0.3109335740958187,0.0890870806374748,0.2857142857142857,0.8295454545454546
1.0,0.5294117647058824,0.6383907893298133,0.5138093031466051,0.4622501635210243,0.5294117647058824,0.7818181818181817
1.0,0.6111111111111112,0.7294380017671728,0.7084673075914837,0.4003203845127179,0.6111111111111112,0.9476190476190476
1.0,0.75,0.788675134594813,0.649519052838329,0.0,0.75,0.75
1.0,0.4285714285714285,0.5578798126901944,0.4082482904638629,0.0,0.4285714285714285,0.75
0.0,0.1428571428571428,0.4031582388058956,0.1924500897298752,0.0,0.1428571428571428,0.9555555555555556
1.0,0.4545454545454545,0.6363636363636364,0.6249999999999999,0.1666666666666666,0.4545454545454545,1.0
1.0,0.6666666666666666,0.7299785298323965,0.6651477158057467,0.2860387767736776,0.5625,0.9423076923076924
1.0,0.5,0.6399554036692666,0.5660715144663384,0.4020151261036848,0.5,0.8881118881118881
0.0,0.4,0.5444444444444444,0.4861111111111111,0.2236067977499789,0.4,0.9
0.0,0.8823529411764706,0.8664890518606575,0.7735711831051846,0.9309493362512627,0.7777777777777778,0.8901960784313725
1.0,0.6428571428571429,0.7209241016737717,0.6071940133664049,0.2132007163556104,0.6428571428571429,0.7923076923076923
1.0,0.4545454545454545,0.6161424485728778,0.5525508450751319,0.1432229748078866,0.4545454545454545,0.9215686274509804
1.0,0.5294117647058824,0.6862745098039215,0.6923076923076924,0.1818181818181818,0.5294117647058824,1.0
1.0,0.5,0.6376236430584256,0.5578655678293358,0.3466876226407682,0.5,0.8777777777777779
0.0,0.5,0.648635100975639,0.6120563724821229,0.2666666666666666,0.5,1.0
1.0,0.4117647058823529,0.5811318742575019,0.4953125751580461,0.3015113445777636,0.4117647058823529,0.902097902097902
1.0,0.5454545454545454,0.5995937462184292,0.4183300132670377,0.1581138830084189,0.4166666666666667,0.7857142857142857
1.0,0.4545454545454545,0.6363636363636364,0.6249999999999999,0.0,0.4545454545454545,1.0
1.0,0.25,0.4388321936425753,0.2721655269759086,0.1290994448735805,0.25,0.8333333333333333
1.0,0.4,0.5553418012614796,0.4330127018922194,0.0,0.4,0.8333333333333334
1.0,0.5714285714285714,0.6873963375060811,0.6382847385042254,0.6324555320336759,0.5333333333333333,0.9393939393939392
1.0,0.5333333333333333,0.6593954248366013,0.6627450980392157,0.1672484020014181,0.5625,0.8974358974358974
1.0,0.25,0.4414915440650687,0.2571984212338842,0.0778498944161523,0.2,0.9095022624434388
1.0,0.375,0.5833333333333334,0.5454545454545454,0.1111111111111111,0.375,1.0
1.0,0.8095238095238095,0.8270985336280673,0.7446687115861396,0.6351073488299558,0.8095238095238095,0.8352402745995424
1.0,0.5454545454545454,0.6827787328884763,0.7050145066205763,0.4008918628686365,0.5454545454545454,0.9222222222222222
1.0,0.3333333333333333,0.5555555555555556,0.5000000000000001,0.0,0.3333333333333333,1.0
1.0,0.8421052631578947,0.8789571831869077,0.7576719249199472,0.6888467201936644,0.8421052631578947,0.9009287925696594
0.0,0.6470588235294118,0.7200476836144207,0.5953924651018015,0.6761234037828132,0.6470588235294118,0.7708333333333334
1.0,0.7,0.7999999999999998,0.8235294117647058,0.6666666666666666,0.7,1.0
1.0,0.6923076923076923,0.7609205412119611,0.6280742930213277,0.4264014327112208,0.6923076923076923,0.7923076923076923
1.0,0.3846153846153846,0.5545526534102284,0.447213595499958,0.0,0.3846153846153846,0.875
1.0,0.631578947368421,0.7043314934452131,0.5665577237325318,0.5276448530110863,0.631578947368421,0.7435897435897435
1.0,0.3846153846153846,0.5545526534102284,0.447213595499958,0.0,0.3846153846153846,0.875
1.0,0.625,0.7021162795258918,0.5708992257184502,0.7396002616336389,0.625,0.7575757575757576
1.0,0.2857142857142857,0.4886185874761624,0.3577708763999663,0.0,0.2857142857142857,0.9
0.0,0.3,0.4635231383473649,0.2964635306407855,0.2357022603955158,0.3,0.775
1.0,0.7222222222222222,0.8042300936654329,0.7866997421983816,0.6671243849949912,0.7222222222222222,0.9458333333333332
1.0,0.9444444444444444,0.9194583411366296,0.8638447251622667,0.4518480570575319,0.8421052631578947,0.9477124183006536
1.0,0.4545454545454545,0.5970026709263686,0.4899539464934427,0.0,0.4545454545454545,0.8412698412698413
1.0,0.8,0.8314757303333055,0.7155417527999328,0.7016464154456235,0.8,0.8
1.0,0.5,0.6451381155644951,0.5846339666834284,0.1825741858350553,0.5,0.9107142857142856
1.0,0.5,0.6666666666666666,0.6666666666666666,0.0,0.5,1.0
1.0,0.8571428571428571,0.8800352713527553,0.7935600855193299,0.1825741858350553,0.8571428571428571,0.8571428571428571
1.0,0.5454545454545454,0.609819345595029,0.4028448795687253,0.6666666666666666,0.5454545454545454,0.5454545454545454
1.0,0.6,0.6895330120717932,0.6872431934890912,0.4564354645876384,0.6,0.8809523809523809
1.0,0.7058823529411765,0.7163248288856129,0.6518486482637559,0.7001400420140049,0.7058823529411765,0.7368421052631579
0.0,0.5454545454545454,0.6598108025159097,0.5611726210349296,0.4036036763977875,0.5454545454545454,0.831578947368421
1.0,0.7272727272727273,0.7847602884626307,0.6855126939751903,0.7108186533109108,0.7272727272727273,0.8207282913165266
1.0,0.4375,0.5356416849037999,0.4293960320973546,0.0,0.4375,0.8833333333333333
1.0,0.5714285714285714,0.703281566562533,0.5909368402852788,0.3162277660168379,0.5714285714285714,0.9393939393939392
1.0,0.8666666666666667,0.8915032679738563,0.9411764705882352,0.4615384615384616,0.8666666666666667,1.0
1.0,0.4,0.6,0.5714285714285714,0.0,0.4,1.0
1.0,0.6666666666666666,0.7006936711200505,0.5846339666834284,0.1825741858350553,0.5,0.9107142857142856
1.0,0.625,0.75,0.7692307692307694,0.4545454545454545,0.625,1.0
1.0,0.4166666666666667,0.6089628087518807,0.5692099788303083,0.5345224838248487,0.4615384615384615,0.9333333333333332
0.0,0.3846153846153846,0.5545526534102284,0.447213595499958,0.4330127018922193,0.3846153846153846,0.875
0.0,0.4166666666666667,0.583963995625675,0.4898979485566356,0.1443375672974064,0.4166666666666667,0.875
1.0,0.3478260869565217,0.5343791289620246,0.4270518649284848,0.0,0.3478260869565217,0.8991596638655462
1.0,0.8,0.8051247494424039,0.8086356181757468,0.7071067811865475,0.8,0.9181818181818182
0.0,0.4705882352941176,0.609193910338718,0.5065172916730961,0.1924500897298752,0.4705882352941176,0.8441558441558441
0.0,0.2777777777777778,0.5043275544372979,0.3989279615651409,0.0,0.2777777777777778,0.9621212121212122
1.0,0.3157894736842105,0.4605263157894737,0.28125,0.0,0.3157894736842105,0.7083333333333334
1.0,0.3333333333333333,0.5237335667999858,0.4111518335151322,0.0,0.3333333333333333,0.898989898989899
1.0,0.5,0.6282051282051282,0.5555555555555556,0.2857142857142857,0.3846153846153846,1.0
1.0,0.625,0.732033277860844,0.5765295860893556,0.161164592805076,0.625,0.8557692307692307
0.0,0.5,0.6234627599261631,0.3754616108848385,0.0,0.5,0.7433155080213903
1.0,0.4074074074074074,0.5878327042884429,0.5217758139277826,0.2357022603955158,0.4074074074074074,0.9388888888888888
0.0,0.1764705882352941,0.4253393665158371,0.4615384615384616,0.0,0.1764705882352941,1.0
1.0,0.8888888888888888,0.843899310156984,0.7332959212304936,0.3086066999241838,0.7,0.9027777777777778
1.0,0.5333333333333333,0.6775861499153208,0.7006819525630059,0.2860387767736776,0.5333333333333333,0.9423076923076924
1.0,0.6111111111111112,0.7294380017671728,0.7084673075914837,0.5604485383178051,0.6111111111111112,0.9476190476190476
0.0,0.4,0.5546055938786977,0.4346824431231695,0.3241018617760822,0.3461538461538461,0.9111842105263156
1.0,0.6363636363636364,0.712121212121212,0.6666666666666666,0.1428571428571428,0.5,1.0
1.0,0.3181818181818182,0.5341518064809774,0.4508428321036714,0.2401922307076307,0.3181818181818182,0.9666666666666668
1.0,0.631578947368421,0.7438012437628988,0.7261843774138907,0.5188745216627709,0.631578947368421,0.95
0.0,0.1818181818181818,0.4447872356768382,0.2575393768188564,0.0,0.1818181818181818,0.978021978021978
0.0,0.3529411764705882,0.5353802402705737,0.4245536358497538,0.2010075630518424,0.3333333333333333,0.916083916083916
1.0,0.75,0.7742565703926703,0.6396021490668313,0.4409585518440984,0.6666666666666666,0.825
1.0,0.9,0.9202563076101744,0.8734262934822936,0.2357022603955158,0.9,0.9090909090909092
0.0,0.5454545454545454,0.677906044163718,0.6285393610547089,0.1543033499620919,0.5454545454545454,0.9166666666666666
1.0,0.65,0.7376236430584256,0.6592956710710334,0.4160251471689218,0.65,0.8555555555555555
1.0,0.2777777777777778,0.5043275544372979,0.3989279615651409,0.0,0.2777777777777778,0.9621212121212122
1.0,0.8571428571428571,0.9047619047619048,0.9230769230769232,0.7272727272727273,0.8571428571428571,1.0
1.0,0.3076923076923077,0.4840148806395636,0.3346640106136302,0.0,0.3076923076923077,0.8285714285714286
1.0,0.2,0.4666666666666666,0.3333333333333333,0.0,0.2,1.0
1.0,0.4545454545454545,0.6363636363636364,0.625,0.1428571428571428,0.4545454545454545,1.0
1.0,0.5789473684210527,0.7192982456140351,0.7333333333333333,0.2307692307692308,0.5789473684210527,1.0
0.0,0.3333333333333333,0.5555555555555555,0.4999999999999999,0.0,0.3333333333333333,1.0
0.0,0.2916666666666667,0.5171930566283959,0.4236075534914362,0.1482498633322202,0.2916666666666667,0.9708333333333332
1.0,0.6,0.7333333333333334,0.7500000000000001,0.4999999999999999,0.6,1.0
0.0,0.238095238095238,0.4673368586543426,0.3306500356330541,0.0912870929175276,0.238095238095238,0.9404761904761904
1.0,0.4736842105263157,0.5922189499717868,0.5435672054730494,0.0,0.4736842105263157,0.8190045248868778
1.0,0.4736842105263157,0.5839226958641585,0.425858646991682,0.4303314829119352,0.4736842105263157,0.7112299465240641
0.0,0.1666666666666666,0.3156351081370765,0.2454287964311585,0.0,0.1666666666666666,0.7666666666666666
0.0,0.4375,0.558927908579091,0.4008918628686366,0.4364357804719848,0.4375,0.7222222222222222
1.0,0.5652173913043478,0.6755852842809363,0.6315789473684209,0.2941176470588235,0.4615384615384615,1.0
0.0,0.5,0.5607303467468822,0.3752050721323556,0.6285393610547089,0.5,0.5909090909090909
1.0,0.3333333333333333,0.4943877491981308,0.3402069087198858,0.1290994448735805,0.3333333333333333,0.7916666666666667
0.0,0.3529411764705882,0.5276467907494019,0.4047960089109366,0.2132007163556104,0.3529411764705882,0.8615384615384616
0.0,0.2352941176470588,0.4746836081799033,0.346713668816579,0.2357022603955158,0.2352941176470588,0.9636363636363636
1.0,0.4285714285714285,0.5872256302920493,0.4933822002181587,0.0,0.4285714285714285,0.8787878787878788
0.0,0.5384615384615384,0.6923076923076922,0.6999999999999998,0.3749999999999999,0.5384615384615384,1.0
1.0,0.8461538461538461,0.8974358974358975,0.9166666666666669,0.6999999999999998,0.8461538461538461,1.0
1.0,0.5333333333333333,0.6746979248076683,0.6382847385042254,0.2108185106778919,0.5333333333333333,0.9393939393939392
1.0,0.5789473684210527,0.7192982456140351,0.7333333333333333,0.3076923076923077,0.5789473684210527,1.0
1.0,0.2666666666666666,0.4620453995852583,0.3101101328808879,0.2721655269759087,0.2666666666666666,0.8636363636363636
1.0,0.7619047619047619,0.8152546565129374,0.737563556583431,0.2434322477800738,0.7619047619047619,0.8588235294117648
1.0,0.5882352941176471,0.7133648999649087,0.6883029368995941,0.4351941398892446,0.5882352941176471,0.945054945054945
0.0,0.1666666666666666,0.4352129728871934,0.30249507099101,0.0,0.1666666666666666,0.980952380952381
1.0,0.7391304347826086,0.7655191808463156,0.7121358652733093,0.7378647873726218,0.6,0.9272727272727272
1.0,0.5625,0.6952563076101743,0.6651477158057467,0.3813850356982369,0.5625,0.9423076923076924
1.0,0.3157894736842105,0.4826918427653823,0.3265986323710903,0.0,0.3157894736842105,0.8
1.0,0.7142857142857143,0.800766806563908,0.7346437477648657,0.4351941398892446,0.7142857142857143,0.9395604395604396
0.0,0.3636363636363636,0.5145897694001511,0.3628873693012115,0.0,0.3636363636363636,0.7777777777777778
0.0,0.2,0.4666666666666667,0.3333333333333333,0.0999999999999999,0.2,1.0
1.0,0.5,0.605498860309242,0.4536092116265145,0.5669467095138409,0.5,0.7222222222222222
0.0,0.5,0.5992413450724885,0.4351222010277085,0.0,0.5,0.6883116883116883
1.0,0.4166666666666667,0.5566644532891364,0.4183300132670377,0.4743416490252569,0.4166666666666667,0.7857142857142857
0.0,0.5882352941176471,0.6828507291692251,0.7694837640638654,0.2223747949983303,0.5882352941176471,0.95
0.0,0.2857142857142857,0.4886185874761624,0.3577708763999663,0.1443375672974064,0.2857142857142857,0.9
0.0,0.2777777777777778,0.4286174329652589,0.2434322477800737,0.2264554068289191,0.2777777777777778,0.7083333333333333
0.0,0.3571428571428571,0.546262013775921,0.4538456150933693,0.0,0.3571428571428571,0.898989898989899
1.0,0.4166666666666667,0.5920474583051322,0.523782800878924,0.1543033499620919,0.4166666666666667,0.9305555555555556
0.0,0.45,0.6004626062886658,0.5070306481121235,0.241746889207614,0.45,0.8701923076923077
1.0,0.2941176470588235,0.5294117647058824,0.4545454545454545,0.0,0.2941176470588235,1.0
0.0,0.2068965517241379,0.4190223820532812,0.2529822128134704,0.1259881576697424,0.2068965517241379,0.925
1.0,0.7222222222222222,0.8059243237430066,0.8142879178328473,0.6900655593423543,0.7222222222222222,0.9485294117647058
1.0,0.6,0.7048863735866825,0.6994452099929773,0.4830458915396479,0.6,0.9558823529411764
1.0,0.3076923076923077,0.5115464450418677,0.4596273598704938,0.0,0.3076923076923077,0.9738562091503268
0.0,0.2631578947368421,0.4820606668271612,0.3537946965414615,0.2010075630518424,0.2631578947368421,0.93006993006993
0.0,0.5714285714285714,0.6503220557568384,0.5325080420189114,0.1118033988749894,0.4666666666666667,0.8833333333333334
0.0,0.3076923076923077,0.5305238918561893,0.4097575314352394,0.1290994448735805,0.3076923076923077,0.9738562091503268
1.0,0.5,0.6511541964151975,0.6067489204290133,0.3535533905932737,0.5,0.9363636363636364
0.0,0.217391304347826,0.4690293980079663,0.30249507099101,0.0,0.217391304347826,0.9761904761904762
1.0,0.6842105263157895,0.7547999076708732,0.7495769268547269,0.5345224838248488,0.6842105263157895,0.9027777777777778
1.0,0.4,0.5769831120837542,0.4965063126673402,0.2508726030021272,0.4,0.917948717948718
1.0,0.3888888888888889,0.5795155668694335,0.5173371122933585,0.3813850356982369,0.3888888888888889,0.9551282051282052
1.0,0.8888888888888888,0.925925925925926,0.9411764705882352,0.4666666666666666,0.8888888888888888,1.0
1.0,0.2666666666666666,0.4463854324529044,0.4230570561133246,0.2390457218668787,0.2666666666666666,0.8611111111111112
1.0,0.6153846153846154,0.6989315448512231,0.5773502691896257,0.4780914437337574,0.6153846153846154,0.7777777777777778
1.0,0.4375,0.5799320411944141,0.4816146413076471,0.0953462589245592,0.3333333333333333,0.9615384615384616
1.0,0.5,0.6283704997110209,0.4969039949999532,0.4677071733467426,0.4347826086956521,0.9305555555555556
1.0,0.7727272727272727,0.8006477726788429,0.8044314538107956,0.4866642633922876,0.6956521739130435,0.9595238095238096
0.0,0.6111111111111112,0.7078700136960733,0.6197041254703731,0.4834937784152281,0.6111111111111112,0.8413461538461539
1.0,0.4285714285714285,0.5872256302920493,0.4933822002181587,0.3779644730092272,0.4285714285714285,0.8787878787878788
1.0,0.4615384615384615,0.6239200737091456,0.5692099788303083,0.1336306209562121,0.4615384615384615,0.9333333333333332
1.0,0.6666666666666666,0.7647007520546186,0.7390530175619408,0.3813850356982369,0.6666666666666666,0.935897435897436
0.0,0.3076923076923077,0.5193978856555596,0.4190262407031392,0.0,0.3076923076923077,0.9444444444444444
1.0,0.6,0.7138570238579677,0.6848064706908225,0.4140393356054125,0.5714285714285714,0.9558823529411764
0.0,0.2727272727272727,0.515151515151515,0.4285714285714285,0.0,0.2727272727272727,1.0
1.0,0.5,0.6150514182428389,0.4829452884162951,0.2041241452319314,0.5,0.7714285714285714
1.0,0.5294117647058824,0.6451791789769913,0.6512732627285555,0.5017452060042545,0.5294117647058824,0.8974358974358974
0.0,0.3214285714285714,0.5216038628621439,0.4148795005781799,0.1217161238900369,0.3214285714285714,0.9205882352941176
1.0,0.4615384615384615,0.6239200737091456,0.5692099788303083,0.5345224838248487,0.4615384615384615,0.9333333333333332
0.0,0.3333333333333333,0.5288442925581555,0.4245536358497538,0.1005037815259212,0.3333333333333333,0.916083916083916
1.0,1.0,1.0,1.0,0.6666666666666666,1.0,1.0
1.0,0.5714285714285714,0.7142857142857143,0.7272727272727273,0.4444444444444444,0.5714285714285714,1.0
1.0,0.625,0.6702535344278525,0.5138093031466051,0.5547001962252291,0.5294117647058824,0.7818181818181817
1.0,0.75,0.8333333333333334,0.8571428571428571,0.5000000000000001,0.75,1.0
0.0,0.3333333333333333,0.5131794092035454,0.3818813079129867,0.0,0.3333333333333333,0.8285714285714286
1.0,0.5555555555555556,0.6944722321464526,0.6654891561802221,0.2401922307076307,0.5555555555555556,0.9523809523809524
1.0,0.5714285714285714,0.7142857142857143,0.7272727272727273,0.5555555555555556,0.5714285714285714,1.0
0.0,0.1904761904761904,0.4304171694386312,0.3093827099536121,0.0778498944161523,0.1904761904761904,0.9095022624434388
1.0,0.4545454545454545,0.5565986305223282,0.3919631571947541,0.0,0.3333333333333333,0.873015873015873
0.0,0.3571428571428571,0.554323004112076,0.4743416490252569,0.2672612419124243,0.3571428571428571,0.9444444444444444
1.0,0.4375,0.5826227614089755,0.478713553878169,0.2108185106778919,0.3529411764705882,0.9545454545454546
1.0,0.5882352941176471,0.69029925974507,0.596284793999944,0.5262348115842176,0.5882352941176471,0.8333333333333333
0.0,0.3888888888888889,0.5857699805068226,0.5384615384615385,0.4545454545454545,0.3684210526315789,1.0
1.0,0.5238095238095238,0.6623184947489239,0.6078059295826451,0.4296689244236597,0.5238095238095238,0.9137254901960784
1.0,0.6,0.7333333333333334,0.75,0.4999999999999999,0.6,1.0
0.0,0.5384615384615384,0.6311398859502676,0.4762896722078401,0.2581988897471611,0.5384615384615384,0.7083333333333334
0.0,0.1666666666666666,0.4444444444444444,0.2857142857142857,0.0,0.1666666666666666,1.0
0.0,0.3529411764705882,0.5276467907494019,0.4047960089109366,0.0,0.3529411764705882,0.8615384615384616
1.0,0.8333333333333334,0.8467726462472744,0.7989408824726263,0.7590721152765897,0.7368421052631579,0.9485294117647058
1.0,0.4705882352941176,0.5946137704020164,0.5704192767259046,0.0,0.4705882352941176,0.85
1.0,0.3636363636363636,0.5145897694001511,0.3628873693012115,0.1889822365046136,0.3636363636363636,0.7777777777777778
1.0,0.6428571428571429,0.7365280188628659,0.6142211114054491,0.3849001794597505,0.6428571428571429,0.8246753246753247
1.0,0.7777777777777778,0.812490886414584,0.6859355250908198,0.3380617018914065,0.7777777777777778,0.7777777777777778
1.0,0.5217391304347826,0.6717678588923718,0.6478835438717001,0.2581988897471611,0.5217391304347826,0.96078431372549
1.0,0.8571428571428571,0.8800352713527553,0.7935600855193299,0.9128709291752768,0.8571428571428571,0.8571428571428571
1.0,0.7058823529411765,0.7710508415827836,0.676040864149498,0.6446583712203042,0.7058823529411765,0.8269230769230769
0.0,0.1481481481481481,0.4146848335702813,0.2613303872466583,0.0,0.1481481481481481,0.9686274509803922
1.0,0.6470588235294118,0.6895465942898021,0.5412658773652742,0.50709255283711,0.5555555555555556,0.7916666666666666
1.0,0.4444444444444444,0.60490299622048,0.5290400570128865,0.0,0.4444444444444444,0.9047619047619048
1.0,0.375,0.5027546795790324,0.4766748733793743,0.0,0.2941176470588235,0.9615384615384616
0.0,0.4,0.5681780112444303,0.54718725497446,0.0,0.4,0.8412698412698413
0.0,0.4,0.6,0.5714285714285714,0.3999999999999999,0.4,1.0
1.0,0.375,0.5542903097250923,0.4564354645876384,0.2886751345948129,0.375,0.9
1.0,0.5,0.638888888888889,0.7500000000000001,0.3749999999999999,0.5,1.0
0.0,0.375,0.5273500981126146,0.3840232127713124,0.3418817293789138,0.375,0.7948717948717949
1.0,0.3333333333333333,0.5131794092035454,0.3055050463303893,0.0,0.3333333333333333,0.8285714285714286
1.0,0.5714285714285714,0.703281566562533,0.6648039453209387,0.4216370213557839,0.5714285714285714,0.9393939393939392
1.0,0.625,0.6801898050140315,0.4941058844013092,0.2357022603955158,0.625,0.625
1.0,0.75,0.8103164454170875,0.7447594690010102,0.5853694070049636,0.75,0.8769230769230769
1.0,0.4,0.5151186641666432,0.3312693299999689,0.2182178902359924,0.4,0.6444444444444444
1.0,0.6842105263157895,0.7894736842105262,0.8421052631578946,0.4666666666666666,0.6842105263157895,1.0
1.0,0.5294117647058824,0.6862745098039215,0.6923076923076924,0.4545454545454545,0.5294117647058824,1.0
0.0,0.3,0.5086066999241838,0.3967800427596649,0.0,0.3,0.9285714285714286
0.0,0.3846153846153846,0.5897435897435898,0.5555555555555556,0.1428571428571428,0.3846153846153846,1.0
0.0,0.3333333333333333,0.5039403071317278,0.3622089663122213,0.2581988897471611,0.3333333333333333,0.8285714285714285
1.0,0.5,0.6545413705531439,0.6194726432096347,0.2611164839335467,0.5,0.9505494505494506
0.0,0.4210526315789473,0.5570871535822483,0.414578098794425,0.4454354031873739,0.4210526315789473,0.7727272727272727
1.0,0.4444444444444444,0.6296296296296297,0.6153846153846154,0.2727272727272727,0.4444444444444444,1.0
1.0,0.4285714285714285,0.5872256302920493,0.4933822002181587,0.3779644730092272,0.4285714285714285,0.8787878787878788
1.0,1.0,1.0,0.9999999999999998,1.0,1.0,1.0
0.0,0.5,0.6150514182428389,0.4829452884162951,0.4082482904638629,0.5,0.7714285714285714
0.0,0.6875,0.7649233906023913,0.676040864149498,0.7252406676228422,0.7058823529411765,0.8269230769230769
1.0,0.6875,0.7347187325296166,0.5700448858423344,0.5345224838248488,0.6875,0.6875
0.0,0.1764705882352941,0.3696233741630142,0.1417366773784602,0.0,0.1764705882352941,0.7857142857142857
1.0,0.6153846153846154,0.7280772733382744,0.6934273376331581,0.3535533905932737,0.6153846153846154,0.9272727272727272
1.0,0.7142857142857143,0.7828125465264094,0.707589393082923,0.4020151261036848,0.7142857142857143,0.8601398601398602
1.0,0.3125,0.4970084679281462,0.3608439182435161,0.2390457218668787,0.3125,0.8611111111111112
1.0,0.2857142857142857,0.4886185874761624,0.3577708763999663,0.1443375672974064,0.2857142857142857,0.9
1.0,0.3571428571428571,0.4834219288265672,0.6227523687795278,0.1054092553389459,0.3571428571428571,0.9545454545454546
1.0,0.75,0.8241018617760822,0.7864871845766263,0.8006407690254358,0.75,0.942857142857143
1.0,0.4761904761904761,0.5913215962129005,0.4057204129667897,0.1336306209562122,0.4761904761904761,0.9305555555555556
1.0,0.6111111111111112,0.6871228713001654,0.5163977794943222,0.5533985905294664,0.6111111111111112,0.6944444444444445
1.0,0.4545454545454545,0.6363636363636364,0.6249999999999999,0.5000000000000001,0.4545454545454545,1.0
1.0,0.7692307692307693,0.8319628820726256,0.7978559231302818,0.5270462766947299,0.7692307692307693,0.9242424242424244
1.0,0.5789473684210527,0.6774564563457705,0.5658365267145452,0.7006490497453707,0.5789473684210527,0.8009049773755657
0.0,0.7,0.780936347194021,0.7332959212304938,0.5345224838248488,0.7,0.9027777777777778
1.0,0.6666666666666666,0.754760889861532,0.7877263614433762,0.3636363636363636,0.6666666666666666,1.0
0.0,0.3529411764705882,0.5544364868991717,0.478713553878169,0.3162277660168379,0.3529411764705882,0.9545454545454546
1.0,0.5,0.6173376224100862,0.59336610396393,0.4029114820126901,0.5,0.8557692307692307
1.0,0.6666666666666666,0.7571758402554917,0.680448531544916,0.5477225575051661,0.6666666666666666,0.8809523809523809
1.0,0.6666666666666666,0.7562492266756061,0.7015607600201139,0.5477225575051661,0.6666666666666666,0.8928571428571429
1.0,0.7058823529411765,0.7945300072299677,0.8038996178555102,0.6671243849949912,0.7058823529411765,0.9458333333333332
1.0,0.2307692307692307,0.4478185217422195,0.2939723678960656,0.0,0.2307692307692307,0.9047619047619048
1.0,0.4545454545454545,0.5612291927774642,0.3872983346207417,0.0,0.4545454545454545,0.6666666666666666
1.0,0.5,0.6666666666666666,0.6666666666666667,0.0,0.5,1.0
1.0,0.4166666666666667,0.52033966696435,0.3346640106136302,0.0,0.3076923076923077,0.8285714285714286
1.0,0.875,0.805350772150618,0.4926878893526443,0.280056016805602,0.6666666666666666,0.7744360902255639
1.0,0.7,0.780936347194021,0.7332959212304938,0.4677071733467426,0.7,0.9027777777777778
1.0,0.7894736842105263,0.8415194087034511,0.8659440088729855,0.5407380704358752,0.7894736842105263,0.9571428571428572
1.0,0.2941176470588235,0.5003687410976414,0.3803628871563654,0.0,0.2941176470588235,0.9166666666666669
1.0,0.3333333333333333,0.4804211119693833,0.3098386676965933,0.3535533905932737,0.3333333333333333,0.7333333333333334
1.0,0.6153846153846154,0.7280772733382744,0.6934273376331581,0.7071067811865475,0.6153846153846154,0.9272727272727272
1.0,0.4583333333333333,0.6217833215723935,0.6324555320336759,0.1875,0.4583333333333333,1.0
1.0,0.7058823529411765,0.7490078839343498,0.617276210961322,0.4670993664969137,0.6666666666666666,0.7828054298642534
0.0,0.1304347826086956,0.3955632216633142,0.1983900213798324,0.0,0.1304347826086956,0.9642857142857144
1.0,0.375,0.5542903097250923,0.4564354645876384,0.0,0.375,0.9
1.0,0.782608695652174,0.8470391547509603,0.8364857768130284,0.7570332986102252,0.782608695652174,0.9571428571428572
0.0,0.7857142857142857,0.8192779439521631,0.6964612760505072,0.8660254037844386,0.7857142857142857,0.7857142857142857
0.0,0.4666666666666667,0.6046793930871043,0.5871365639519862,0.5270462766947299,0.4666666666666667,0.946969696969697
1.0,0.6666666666666666,0.7166099714203531,0.5443310539518172,0.6454972243679029,0.6666666666666666,0.6666666666666666
1.0,0.7333333333333333,0.7974955888130727,0.727430078392719,0.4564354645876384,0.7333333333333333,0.8690476190476191
1.0,0.5555555555555556,0.680686815787458,0.6206328908341752,0.6689936080056726,0.5555555555555556,0.8974358974358974
1.0,1.0,1.0,1.0,1.0,1.0,1.0
0.0,0.4285714285714285,0.5872256302920493,0.4933822002181587,0.0,0.4285714285714285,0.8787878787878788
1.0,0.7142857142857143,0.7657234882622693,0.7445134596131822,0.4564354645876384,0.7142857142857143,0.8690476190476191
0.0,0.4117647058823529,0.607843137254902,0.5833333333333334,0.1999999999999999,0.4117647058823529,1.0
1.0,0.5454545454545454,0.677906044163718,0.6285393610547089,0.3086066999241838,0.5454545454545454,0.9166666666666666
0.0,0.3888888888888889,0.5719906550703066,0.4948716593053935,0.273861278752583,0.3888888888888889,0.9166666666666666
1.0,0.25,0.4784714488978284,0.3507803800100569,0.0,0.25,0.9464285714285714
1.0,0.3076923076923077,0.4673934692846862,0.2997317304645498,0.2075143391598224,0.3076923076923077,0.7655677655677655
1.0,0.4117647058823529,0.607843137254902,0.5833333333333334,0.1999999999999999,0.4117647058823529,1.0
1.0,0.238095238095238,0.4673368586543426,0.3306500356330541,0.0912870929175276,0.238095238095238,0.9404761904761904
1.0,0.4074074074074074,0.5828712901541656,0.5055152782453617,0.1720618004029213,0.4074074074074074,0.9126984126984128
1.0,0.8888888888888888,0.925925925925926,0.9411764705882352,0.6666666666666666,0.8888888888888888,1.0
1.0,0.5714285714285714,0.6503220557568384,0.5325080420189114,0.4472135954999579,0.4666666666666667,0.8833333333333334
1.0,0.4347826086956521,0.574975036280328,0.456537647127215,0.1380131118684708,0.32,0.9705882352941176
1.0,0.6153846153846154,0.6989315448512231,0.5773502691896257,0.358568582800318,0.6153846153846154,0.7777777777777778
1.0,0.6428571428571429,0.7477137978235414,0.7180703308172536,0.5270462766947299,0.6428571428571429,0.9318181818181818
1.0,0.3571428571428571,0.4926827767038959,0.3182344232608223,0.1414213562373094,0.3571428571428571,0.7023809523809523
1.0,0.5294117647058824,0.6862745098039215,0.6923076923076924,0.0,0.5294117647058824,1.0
1.0,0.6190476190476191,0.7215007215007215,0.7058823529411765,0.6666666666666666,0.5454545454545454,1.0
1.0,0.8571428571428571,0.8800352713527553,0.7935600855193299,0.5477225575051661,0.8571428571428571,0.8571428571428571
1.0,0.5,0.6220084679281462,0.5051814855409226,0.4780914437337574,0.5,0.8055555555555556
0.0,0.3076923076923077,0.5032535361778768,0.3666479606152469,0.0668153104781061,0.2592592592592592,0.9513888888888888
1.0,0.7142857142857143,0.7579085610999817,0.603681610520369,0.6123724356957945,0.7142857142857143,0.7142857142857143
1.0,0.4166666666666667,0.5566644532891364,0.4183300132670377,0.0,0.4166666666666667,0.7857142857142857
1.0,0.5,0.5884612657253012,0.5125337927517213,0.3181423814878888,0.5,0.7714285714285714
1.0,0.4444444444444444,0.5598194346436612,0.3952847075210474,0.1889822365046136,0.4444444444444444,0.7
1.0,0.5625,0.6646190527082135,0.5912424140495526,0.3813850356982369,0.4705882352941176,0.9487179487179488
1.0,0.3571428571428571,0.5423855478203304,0.5477225575051661,0.1249999999999999,0.3571428571428571,1.0
1.0,0.5652173913043478,0.6722070141170877,0.5560384374855327,0.3678836036909794,0.5652173913043478,0.8065476190476191
0.0,0.3571428571428571,0.5316635200712313,0.5094986711980046,0.2357022603955158,0.3571428571428571,0.9545454545454546
0.0,0.5,0.6367405865296584,0.5692099788303083,0.4008918628686365,0.4615384615384615,0.9333333333333332
1.0,0.8125,0.8254188435862496,0.8843609513993668,0.903696114115064,0.8125,0.9477124183006536
1.0,0.75,0.7732971972499744,0.6880209161537816,0.4264014327112208,0.75,0.7692307692307693
0.0,0.625,0.75,0.7692307692307694,0.4545454545454545,0.625,1.0
1.0,0.2857142857142857,0.4563842022153457,0.2900814673518057,0.0,0.2857142857142857,0.7922077922077922
1.0,0.8636363636363636,0.8878849703691171,0.8938193572966863,0.8207826816681232,0.8636363636363636,0.9567099567099568
0.0,0.3333333333333333,0.4804211119693833,0.3098386676965933,0.1767766952966368,0.3333333333333333,0.7333333333333334
1.0,0.625,0.7252733665908505,0.6613000712661081,0.0,0.625,0.8809523809523809
1.0,0.4666666666666667,0.6104931907846107,0.5024594344170622,0.0,0.4666666666666667,0.8384615384615385
0.0,0.1739130434782608,0.4140844259854792,0.2385139175999776,0.0877058019307029,0.1739130434782608,0.9333333333333332
1.0,0.5909090909090909,0.699827039100143,0.6278746400668005,0.3241018617760822,0.5909090909090909,0.8717105263157895
1.0,0.2666666666666666,0.4940055437946156,0.3794733192202055,0.0,0.2666666666666666,0.9555555555555556
0.0,0.2941176470588235,0.4734285294851636,0.3200193439760938,0.1139605764596379,0.2941176470588235,0.829059829059829
1.0,0.2916666666666667,0.4916594911512994,0.3285008410970501,0.0700140042014005,0.2916666666666667,0.868421052631579
0.0,0.4545454545454545,0.6363636363636364,0.6249999999999999,0.0,0.4545454545454545,1.0
1.0,0.6363636363636364,0.7344950382394356,0.6592868047436494,0.1825741858350553,0.6363636363636364,0.8764705882352941
1.0,0.625,0.7089046691730697,0.6512732627285555,0.1672484020014181,0.625,0.8974358974358974
1.0,0.7142857142857143,0.8095238095238096,0.8571428571428571,0.8235294117647058,0.7142857142857143,1.0
1.0,0.625,0.75,0.8125,0.4166666666666667,0.625,1.0
1.0,0.4545454545454545,0.5612291927774642,0.3872983346207417,0.0,0.4545454545454545,0.6666666666666666
0.0,0.2857142857142857,0.5238095238095237,0.4444444444444444,0.0,0.2857142857142857,1.0
1.0,0.8571428571428571,0.9047619047619048,0.9375,0.7500000000000001,0.8571428571428571,1.0
1.0,0.25,0.4784714488978284,0.3507803800100569,0.0,0.25,0.9464285714285714
1.0,0.5,0.61153538877972,0.5420677527391485,0.5276448530110863,0.5263157894736842,0.764957264957265
1.0,0.5,0.6399554036692666,0.5660715144663384,0.4020151261036848,0.5,0.8881118881118881
0.0,0.4,0.5844875297485307,0.5200705032248685,0.2357022603955158,0.4,0.9454545454545454
0.0,0.5294117647058824,0.6372087982780688,0.4885849749816073,0.2672612419124244,0.5294117647058824,0.7443181818181818
1.0,0.5333333333333333,0.6746979248076683,0.6382847385042254,0.2108185106778919,0.5333333333333333,0.9393939393939392
0.0,0.3076923076923077,0.4840148806395636,0.3346640106136302,0.0,0.3076923076923077,0.8285714285714286
0.0,0.4285714285714285,0.5578798126901944,0.408248290463863,0.0,0.4285714285714285,0.75
1.0,0.3333333333333333,0.5161945901182877,0.3919631571947541,0.0,0.3333333333333333,0.873015873015873
1.0,0.9230769230769232,0.9356409229947896,0.8868636210743289,0.5720775535473553,0.9230769230769232,0.9230769230769232
0.0,0.4,0.5553418012614796,0.4330127018922194,0.4082482904638631,0.4,0.8333333333333334
1.0,0.5882352941176471,0.69029925974507,0.596284793999944,0.1754116038614058,0.5882352941176471,0.8333333333333333
1.0,0.4705882352941176,0.6339817978062529,0.5912424140495526,0.5720775535473553,0.4705882352941176,0.9487179487179488
1.0,0.3125,0.5004189022975504,0.346713668816579,0.0,0.2352941176470588,0.9636363636363636
1.0,0.3076923076923077,0.5193978856555596,0.4190262407031392,0.0,0.3076923076923077,0.9444444444444444
0.0,0.6153846153846154,0.6331390268683208,0.452623159888803,0.5604485383178051,0.6153846153846154,0.8666666666666667
0.0,0.3636363636363636,0.5542290246554042,0.4677071733467426,0.0,0.3636363636363636,0.9285714285714286
1.0,0.8125,0.8547788122092413,0.8767140075192092,0.5384615384615385,0.8125,1.0
1.0,0.7777777777777778,0.8367003367003366,0.9090909090909092,0.5625,0.7777777777777778,1.0
1.0,0.6666666666666666,0.7338588251525975,0.5374838498865699,0.4522670168666454,0.6666666666666666,0.7435897435897435
0.0,0.45,0.6131121455425746,0.6262242910851494,0.2307692307692308,0.45,1.0
0.0,0.375,0.5723291856101521,0.517069735249619,0.2108185106778919,0.375,0.9545454545454546
1.0,0.3333333333333333,0.5555555555555555,0.4999999999999999,0.0,0.3333333333333333,1.0
1.0,0.7222222222222222,0.7839765524724917,0.6939592805087877,0.372677996249965,0.7222222222222222,0.8361344537815125
1.0,0.5294117647058824,0.6579520697167757,0.6153846153846154,0.4545454545454545,0.4444444444444444,1.0
0.0,0.4,0.528154846850912,0.3620605571781858,0.3692744729379982,0.4,0.7115384615384616
0.0,0.1818181818181818,0.4134501237185242,0.2713638594702314,0.0,0.1818181818181818,0.9589743589743588
1.0,0.65,0.7296296296296297,0.6913580246913581,0.4008918628686366,0.65,0.9097222222222222
1.0,0.625,0.6934106214928114,0.5951700641394974,0.0912870929175276,0.5294117647058824,0.8928571428571429
0.0,0.4347826086956521,0.5941453821888604,0.5071505162084872,0.2080125735844609,0.4347826086956521,0.888888888888889
1.0,0.6666666666666666,0.754760889861532,0.7877263614433762,0.5454545454545454,0.6666666666666666,1.0
1.0,0.6666666666666666,0.7777777777777777,0.7999999999999998,0.7499999999999999,0.6666666666666666,1.0
1.0,0.4375,0.558927908579091,0.4008918628686366,0.1091089451179962,0.4375,0.7222222222222222
1.0,0.8,0.8314757303333055,0.7155417527999327,0.4082482904638629,0.8,0.8
1.0,0.75,0.82394177193585,0.8098544298396251,0.5163977794943222,0.75,0.9509803921568628
1.0,0.6111111111111112,0.7294380017671728,0.7084673075914837,0.1601281538050871,0.6111111111111112,0.9476190476190476
1.0,0.7058823529411765,0.7908496732026143,0.8571428571428571,0.4666666666666666,0.6666666666666666,1.0
0.0,0.5714285714285714,0.6852426906774735,0.6085806194501846,0.5590169943749475,0.5714285714285714,0.8666666666666666
1.0,0.6666666666666666,0.7683862163802945,0.7558641345169833,0.5809475019311126,0.6666666666666666,0.954248366013072
1.0,0.7222222222222222,0.7537621275212244,0.6405777973927272,0.372677996249965,0.631578947368421,0.8487394957983194
0.0,0.3125,0.4970084679281462,0.3608439182435161,0.358568582800318,0.3125,0.8611111111111112
1.0,0.4166666666666667,0.5841960176914404,0.510697066522771,0.3227486121839514,0.4166666666666667,0.9673202614379084
0.0,0.5,0.605498860309242,0.4536092116265145,0.5533985905294664,0.5,0.7222222222222222
1.0,0.5,0.656320930083303,0.6192188245384034,0.3813850356982369,0.5,0.9487179487179488
1.0,0.3181818181818182,0.5125838184098779,0.3943571707538739,0.161164592805076,0.3181818181818182,0.8990384615384616
1.0,0.5384615384615384,0.6923076923076922,0.6999999999999998,0.0,0.5384615384615384,1.0
0.0,0.9230769230769232,0.9281160111956628,0.8041664463712644,0.6390096504226938,0.9230769230769232,0.8571428571428571
0.0,0.4444444444444444,0.5975283343346509,0.3872983346207417,0.0,0.4444444444444444,0.8333333333333334
1.0,0.3846153846153846,0.5424490331839341,0.5148697981926198,0.0,0.3846153846153846,0.9444444444444444
1.0,0.5,0.6298330599977738,0.6158071246107611,0.4767312946227962,0.5,0.9487179487179488
0.0,0.4444444444444444,0.60490299622048,0.5290400570128865,0.0,0.4444444444444444,0.9047619047619048
1.0,0.6666666666666666,0.7777777777777777,0.7999999999999998,0.6666666666666667,0.6666666666666666,1.0
1.0,0.4,0.5553208630818641,0.4333920860207237,0.3535533905932737,0.3125,0.9545454545454546
1.0,0.3333333333333333,0.5555555555555555,0.4999999999999999,0.0,0.3333333333333333,1.0
1.0,0.4736842105263157,0.626105919101298,0.5585696017507576,0.1672484020014181,0.4736842105263157,0.9076923076923076
1.0,0.3333333333333333,0.5325386676393097,0.4344430235839226,0.083624201000709,0.3333333333333333,0.9282051282051282
1.0,0.7333333333333333,0.7613844777019616,0.6613000712661082,0.273861278752583,0.625,0.8809523809523809
0.0,0.2352941176470588,0.4746836081799033,0.346713668816579,0.2357022603955158,0.2352941176470588,0.9636363636363636
1.0,0.5714285714285714,0.6852426906774735,0.6085806194501846,0.2236067977499789,0.5714285714285714,0.8666666666666666
0.0,0.3571428571428571,0.5067028927703648,0.4230570561133246,0.1195228609334393,0.3571428571428571,0.8611111111111112
1.0,0.5,0.6451381155644951,0.5846339666834284,0.3651483716701107,0.5,0.9107142857142856
0.0,0.2083333333333333,0.3920737306598055,0.197484176581315,0.0710669054518701,0.2083333333333333,0.8653846153846154
1.0,0.25,0.4560810473748197,0.2687419249432849,0.0753778361444409,0.25,0.8717948717948718
0.0,0.3548387096774194,0.5252342743797592,0.3969283100678678,0.1066003581778052,0.3548387096774194,0.8472222222222221
0.0,0.3703703703703703,0.5713564225084387,0.5122781719918817,0.1819017187772497,0.3703703703703703,0.9707602339181286
0.0,0.2608695652173913,0.4959436378380262,0.3864367132317184,0.2401922307076307,0.2608695652173913,0.9714285714285716
1.0,0.9333333333333332,0.9371926163965784,0.7716774657271722,0.6172133998483678,0.9333333333333332,0.875
1.0,0.6923076923076923,0.7536616449791289,0.7715167498104596,0.5999999999999999,0.6428571428571429,1.0
1.0,0.5789473684210527,0.6891344435761179,0.6252871582967959,0.2964997266644405,0.5789473684210527,0.9541666666666668
1.0,0.4545454545454545,0.6152832674571805,0.5625,0.2857142857142857,0.391304347826087,1.0
1.0,0.9230769230769232,0.9313040168561312,0.77005354108682,0.5853694070049636,0.9230769230769232,0.8666666666666667
1.0,0.5909090909090909,0.717881165875244,0.7018738391943418,0.3872983346207417,0.5909090909090909,0.9575163398692812
1.0,0.375,0.5504992905701392,0.4003362259240342,0.2018018381988937,0.375,0.8736842105263158
1.0,0.6666666666666666,0.7683862163802945,0.7558641345169833,0.5163977794943222,0.6666666666666666,0.954248366013072
1.0,0.85,0.8739848152430962,0.7836612788698955,0.7302967433402215,0.85,0.85
1.0,0.48,0.6273181485764295,0.5531726674375732,0.1825741858350553,0.48,0.8941176470588235
1.0,0.75,0.8058876451607491,0.724470738538616,0.7130240959073808,0.75,0.8519736842105263
1.0,1.0,1.0,1.0,0.7500000000000001,1.0,1.0
1.0,0.8,0.8545413705531439,0.8259635242795128,0.4351941398892446,0.8,0.934065934065934
1.0,0.5555555555555556,0.6649981958647652,0.6702783029997483,0.5400617248673217,0.5555555555555556,0.9017857142857144
1.0,0.5,0.605498860309242,0.4536092116265145,0.0,0.5,0.7222222222222222
1.0,0.7272727272727273,0.818181818181818,0.8421052631578946,0.5294117647058824,0.7272727272727273,1.0
0.0,0.3333333333333333,0.457924482617738,0.2651650429449553,0.2886751345948129,0.3333333333333333,0.625
1.0,0.7857142857142857,0.844065831419698,0.8129583193181349,0.4767312946227962,0.7857142857142857,0.9294871794871796
0.0,0.4375,0.5840193397690098,0.4722620103960926,0.5330017908890261,0.4375,0.8384615384615385
1.0,0.6428571428571429,0.700670191987676,0.6943650748294137,0.6999999999999998,0.5333333333333333,1.0
1.0,0.3157894736842105,0.5307826233996481,0.4434318105371644,0.0,0.3157894736842105,0.9615384615384616
0.0,0.5294117647058824,0.6710835579584771,0.606591474036908,0.3344968040028363,0.5294117647058824,0.9076923076923076
1.0,0.6363636363636364,0.712121212121212,0.6666666666666669,0.25,0.5,1.0
0.0,0.2608695652173913,0.4959436378380262,0.3864367132317184,0.0,0.2608695652173913,0.9714285714285716
1.0,0.7142857142857143,0.7579085610999817,0.603681610520369,0.6123724356957945,0.7142857142857143,0.7142857142857143
1.0,0.7692307692307693,0.8319628820726256,0.7978559231302818,0.4216370213557839,0.7692307692307693,0.9242424242424244
1.0,0.3333333333333333,0.5237335667999858,0.4111518335151322,0.1259881576697424,0.3333333333333333,0.898989898989899
1.0,0.3684210526315789,0.5542207350119032,0.4629100498862757,0.0912870929175276,0.3684210526315789,0.9166666666666666
1.0,0.5,0.6044067614997992,0.604250366191503,0.269069117598525,0.5,0.831578947368421
1.0,0.6190476190476191,0.738094099426397,0.717075680011669,0.5809475019311126,0.6190476190476191,0.9575163398692812
1.0,0.7,0.7455533421780252,0.5856620185738528,0.3162277660168379,0.7,0.7
1.0,0.6,0.7229875967499697,0.6880209161537816,0.2860387767736776,0.6,0.9423076923076924
1.0,0.8666666666666667,0.9111111111111112,0.9411764705882352,0.7692307692307694,0.8666666666666667,1.0
1.0,0.8666666666666667,0.8880942231948653,0.8068227580844277,0.5853694070049636,0.8666666666666667,0.8666666666666667
0.0,0.3529411764705882,0.546693695311668,0.3952379254973885,0.2010075630518424,0.3529411764705882,0.916083916083916
1.0,0.75,0.7990196078431372,0.7857142857142857,0.25,0.6470588235294118,1.0
1.0,0.5454545454545454,0.6425230391477221,0.5019960159204453,0.0,0.5454545454545454,0.7428571428571429
1.0,0.4444444444444444,0.6296296296296297,0.6153846153846154,0.0909090909090909,0.4444444444444444,1.0
1.0,0.5,0.6545413705531439,0.6194726432096347,0.1740776559556978,0.5,0.9505494505494506
1.0,0.4444444444444444,0.5817459091555214,0.4567193805747601,0.2773500981126146,0.4444444444444444,0.806060606060606
1.0,0.5625,0.6704684201426394,0.5698319531322331,0.2886751345948128,0.5625,0.8246753246753247
0.0,0.2592592592592592,0.487109186700194,0.3666479606152469,0.1336306209562122,0.2592592592592592,0.9513888888888888
0.0,0.4,0.6,0.5714285714285714,0.0,0.4,1.0
1.0,0.5263157894736842,0.6729077873422215,0.6440611887195307,0.4803844614152615,0.5263157894736842,0.9523809523809524
0.0,0.375,0.5493820796734995,0.3768445758127965,0.1066003581778052,0.375,0.8615384615384616
1.0,0.3571428571428571,0.5241642739533459,0.3794733192202055,0.0,0.2666666666666666,0.9555555555555556
1.0,0.55,0.6497359252028156,0.404789039706693,0.3553345272593508,0.55,0.7038461538461539
0.0,0.5238095238095238,0.6623184947489239,0.6078059295826451,0.5012804118276031,0.5238095238095238,0.9137254901960784
1.0,0.65,0.7593397646145505,0.8001976040538967,0.5457051563317492,0.65,0.956140350877193
0.0,0.2142857142857142,0.4257466177876447,0.3857583749052298,0.0,0.2142857142857142,1.0
1.0,0.6875,0.7564757303333053,0.6559132733999384,0.4385290096535146,0.6875,0.8166666666666667
1.0,0.3636363636363636,0.5542290246554042,0.4677071733467426,0.3651483716701107,0.3636363636363636,0.9285714285714286
1.0,0.7,0.780936347194021,0.7332959212304936,0.3086066999241838,0.7,0.9027777777777778
0.0,0.3571428571428571,0.5223628599027187,0.3876376661011099,0.1360827634879543,0.3571428571428571,0.8295454545454546
1.0,0.8333333333333334,0.859845865280648,0.7607257743127308,0.3354101966249684,0.8333333333333334,0.8333333333333334
0.0,0.1739130434782608,0.4371500662053177,0.2753211747598376,0.0870388279778489,0.1739130434782608,0.978021978021978
1.0,0.3125,0.4970084679281462,0.3608439182435161,0.1195228609334393,0.3125,0.8611111111111112
1.0,0.7222222222222222,0.7887996300579111,0.7231015260621872,0.4853626716970755,0.7222222222222222,0.8444444444444444
1.0,0.7647058823529411,0.7968228455095913,0.8610567718228918,0.5333333333333332,0.7647058823529411,1.0
1.0,0.2941176470588235,0.5003687410976414,0.3803628871563654,0.0,0.2941176470588235,0.9166666666666669
1.0,0.5217391304347826,0.6311881487474443,0.5399029532264167,0.1936491673103708,0.4,0.9673202614379084
1.0,0.4736842105263157,0.626105919101298,0.5585696017507576,0.2508726030021272,0.4736842105263157,0.9076923076923076
1.0,0.4166666666666667,0.5920474583051322,0.523782800878924,0.0,0.4166666666666667,0.9305555555555556
1.0,0.6666666666666666,0.7160051684147807,0.5708992257184502,0.1849000654084097,0.625,0.7575757575757576
1.0,0.8,0.8545413705531439,0.8259635242795128,0.7833494518006403,0.8,0.934065934065934
1.0,0.6428571428571429,0.7112058613156048,0.6382847385042254,0.1054092553389459,0.5333333333333333,0.9393939393939392
0.0,0.6666666666666666,0.7469395154354544,0.6741318724942511,0.6139406135149205,0.6666666666666666,0.8166666666666667
1.0,0.4285714285714285,0.5578798126901944,0.4082482904638629,0.0,0.4285714285714285,0.75
1.0,0.7777777777777778,0.8316306640610932,0.7735711831051846,0.7161148740394329,0.7777777777777778,0.8901960784313725
1.0,0.1904761904761904,0.3991496539600356,0.2177324215807269,0.098058067569092,0.1904761904761904,0.8666666666666667
1.0,0.4666666666666667,0.6154014208362035,0.5325080420189114,0.1118033988749894,0.4666666666666667,0.8833333333333334
1.0,0.8333333333333334,0.8467726462472744,0.7989408824726263,0.8970852271450606,0.7368421052631579,0.9485294117647058
1.0,0.6111111111111112,0.7294380017671728,0.7084673075914837,0.4003203845127179,0.6111111111111112,0.9476190476190476
1.0,0.5263157894736842,0.6729077873422215,0.6440611887195307,0.4803844614152615,0.5263157894736842,0.9523809523809524
0.0,0.1428571428571428,0.3534369849852563,0.1549193338482966,0.0,0.1428571428571428,0.8666666666666667
1.0,0.3125,0.5261541964151975,0.4333920860207237,0.2357022603955158,0.3125,0.9545454545454546
1.0,0.76,0.8187940612782079,0.7735331083851239,0.7319250547113999,0.76,0.9624505928853756
1.0,0.2857142857142857,0.5238095238095237,0.4444444444444444,0.0,0.2857142857142857,1.0
1.0,0.5454545454545454,0.677906044163718,0.6285393610547089,0.0,0.5454545454545454,0.9166666666666666
1.0,0.7333333333333333,0.8222222222222223,0.8461538461538463,0.4545454545454545,0.7333333333333333,1.0
1.0,0.7,0.7758086778343225,0.6431685185902933,0.5185629788417315,0.7,0.8618421052631579
1.0,0.4545454545454545,0.5612291927774642,0.3872983346207416,0.1490711984999859,0.4545454545454545,0.6666666666666666
0.0,0.25,0.4388321936425753,0.2721655269759086,0.0,0.25,0.8333333333333333
1.0,0.8,0.8362628415376273,0.8079289818708426,0.3415650255319866,0.7307692307692307,0.9624505928853756
1.0,0.6,0.7066220703359333,0.6368304537746307,0.6030226891555273,0.6,0.8741258741258741
1.0,0.4347826086956521,0.6001076864607795,0.5371966557170478,0.1936491673103708,0.4347826086956521,0.9673202614379084
0.0,0.2,0.3875900237988246,0.2773709350532632,0.0,0.2,0.8977272727272727
0.0,0.5,0.6545413705531439,0.6194726432096347,0.1740776559556978,0.5,0.9505494505494506
0.0,0.2941176470588235,0.4734285294851636,0.3200193439760938,0.3418817293789138,0.2941176470588235,0.829059829059829
1.0,0.5882352941176471,0.6594181046575224,0.5512263114443754,0.4225771273642583,0.5882352941176471,0.7916666666666666
1.0,0.8,0.8121212121212121,0.7777777777777778,0.2857142857142857,0.6363636363636364,1.0
1.0,0.55,0.6691617376576767,0.5871963142766665,0.372677996249965,0.55,0.8613445378151261
1.0,0.4444444444444444,0.5598194346436612,0.3952847075210474,0.1889822365046136,0.4444444444444444,0.7
1.0,0.5,0.6451381155644952,0.5846339666834284,0.2314550249431378,0.5,0.9107142857142856
1.0,0.7142857142857143,0.7914922438327819,0.7467673444159872,0.6888467201936644,0.7142857142857143,0.9071207430340558
1.0,0.4,0.5553208630818641,0.4333920860207237,0.1178511301977579,0.3125,0.9545454545454546
1.0,0.5714285714285714,0.6852426906774735,0.6085806194501846,0.3354101966249684,0.5714285714285714,0.8666666666666666
1.0,0.6666666666666666,0.7166099714203531,0.5443310539518174,0.3779644730092272,0.6666666666666666,0.6666666666666666
1.0,0.3333333333333333,0.5039403071317278,0.3622089663122214,0.2041241452319314,0.3333333333333333,0.8285714285714285
1.0,0.4,0.528154846850912,0.3620605571781858,0.492365963917331,0.4,0.7115384615384616
1.0,0.5217391304347826,0.6537137321172707,0.5795765908308927,0.5185629788417315,0.5217391304347826,0.881578947368421
1.0,0.4,0.5553418012614796,0.4330127018922194,0.4082482904638631,0.4,0.8333333333333334
1.0,0.4444444444444444,0.5723225200332379,0.7360699299651777,0.4008918628686366,0.4444444444444444,0.9166666666666666
1.0,0.625,0.741559811493632,0.7310095758606723,0.6859943405700354,0.625,0.9605263157894736
1.0,0.7142857142857143,0.7657234882622693,0.7445134596131822,0.5477225575051661,0.7142857142857143,0.8690476190476191
1.0,0.6470588235294118,0.7200476836144207,0.5953924651018015,0.6761234037828132,0.6470588235294118,0.7708333333333334
0.0,0.6666666666666666,0.7312141117826466,0.7941313864750215,0.7627700713964739,0.6666666666666666,0.935897435897436
1.0,0.3043478260869565,0.4923129314327907,0.3583225665910466,0.0,0.3043478260869565,0.8504273504273505
0.0,0.4545454545454545,0.6363636363636364,0.6249999999999999,0.1666666666666666,0.4545454545454545,1.0
1.0,0.4545454545454545,0.5970026709263686,0.4899539464934427,0.3380617018914065,0.4545454545454545,0.8412698412698413
1.0,0.6666666666666666,0.7183742096579894,0.6821314454146865,0.3706246583305506,0.5789473684210527,0.9541666666666668
1.0,0.5882352941176471,0.6839531352590263,0.6194726432096347,0.5222329678670935,0.5,0.9505494505494506
0.0,0.25,0.4752733665908505,0.4500514373894348,0.2236067977499789,0.25,0.9166666666666669
1.0,0.75,0.8012320380383547,0.7229568912920512,0.2401922307076307,0.75,0.942857142857143
1.0,0.3076923076923077,0.4840148806395636,0.3346640106136302,0.0,0.3076923076923077,0.8285714285714286
0.0,0.4444444444444444,0.6211894411232617,0.5848076606885377,0.4001633653325206,0.4444444444444444,0.968421052631579
1.0,0.3333333333333333,0.5039403071317278,0.3622089663122213,0.0,0.3333333333333333,0.8285714285714285
0.0,0.4,0.6,0.5714285714285714,0.1666666666666666,0.4,1.0
1.0,0.4444444444444444,0.577387643866819,0.6456316889510441,0.2314550249431378,0.4444444444444444,0.9107142857142856
1.0,0.5263157894736842,0.6114558463059799,0.4342977555392065,0.5,0.5263157894736842,0.6464646464646465
1.0,0.3461538461538461,0.5398042538695996,0.55472214672864,0.1212678125181664,0.3461538461538461,0.9707602339181286
0.0,0.3125,0.5261541964151975,0.4333920860207237,0.3535533905932737,0.3125,0.9545454545454546
1.0,0.2222222222222222,0.4524384578732405,0.3042903097250923,0.0,0.2222222222222222,0.9333333333333332
1.0,0.625,0.720956976391759,0.6973319597866697,0.3337119062359572,0.625,0.9356060606060608
0.0,0.4166666666666667,0.583963995625675,0.4898979485566356,0.0,0.4166666666666667,0.875
1.0,0.75,0.8241018617760822,0.7864871845766263,0.2401922307076307,0.75,0.942857142857143
1.0,0.7647058823529411,0.8012954656336961,0.6687158952080988,0.5449492609130661,0.7647058823529411,0.7647058823529411
0.0,0.45,0.5916666666666667,0.546875,0.3086066999241839,0.45,0.9196428571428572
1.0,0.45,0.5842676218074805,0.497468338163091,0.2886751345948129,0.45,0.8412698412698413
1.0,0.5625,0.6471655269759087,0.4898979485566355,0.49029033784546,0.5625,0.7
0.0,0.16,0.4286972610264319,0.2576244754878122,0.0,0.16,0.980952380952381
1.0,0.6428571428571429,0.7477137978235414,0.7180703308172536,0.7378647873726218,0.6428571428571429,0.9318181818181818
1.0,0.8,0.8399030030758162,0.8011687369270218,0.7205766921228922,0.8,0.942857142857143
0.0,0.3333333333333333,0.4833387061557689,0.3263956049169334,0.0,0.3333333333333333,0.8611111111111112
0.0,0.3076923076923077,0.5193978856555596,0.4190262407031392,0.1543033499620919,0.3076923076923077,0.9444444444444444
1.0,1.0,0.9833333333333334,0.9999999999999998,0.75,1.0,1.0
1.0,0.2941176470588235,0.5003687410976414,0.3803628871563654,0.1118033988749894,0.2941176470588235,0.9166666666666669
0.0,0.4117647058823529,0.5811318742575019,0.4953125751580461,0.3015113445777636,0.4117647058823529,0.902097902097902
0.0,0.3,0.5333333333333333,0.4615384615384616,0.0,0.3,1.0
0.0,0.5,0.6314757303333053,0.5366563145999496,0.4385290096535146,0.5,0.85
1.0,0.3571428571428571,0.554323004112076,0.4743416490252569,0.0,0.3571428571428571,0.9444444444444444
0.0,0.6,0.7042903097250924,0.6572670690061994,0.2886751345948129,0.6,0.825
1.0,0.3333333333333333,0.5161945901182877,0.3919631571947541,0.0,0.3333333333333333,0.873015873015873
1.0,0.35,0.4990270471101518,0.3462433917091571,0.2449489742783177,0.35,0.8284313725490196
1.0,0.7857142857142857,0.844065831419698,0.8129583193181349,0.6674238124719146,0.7857142857142857,0.9294871794871796
1.0,0.6666666666666666,0.7683862163802945,0.7558641345169833,0.3872983346207417,0.6666666666666666,0.954248366013072
1.0,0.4782608695652174,0.581105843866626,0.412131129388756,0.4150286783196448,0.4782608695652174,0.6776556776556777
0.0,0.4375,0.5906950757150201,0.5732852339151866,0.0953462589245592,0.4375,0.9551282051282052
1.0,0.3571428571428571,0.5223628599027187,0.3876376661011099,0.4082482904638631,0.3571428571428571,0.8295454545454546
1.0,0.6818181818181818,0.7140424415519017,0.7331402804691576,0.3826918985879519,0.6521739130434783,0.8552380952380952
0.0,0.2857142857142857,0.4886185874761624,0.3577708763999663,0.0,0.2857142857142857,0.9
1.0,0.6470588235294118,0.7416889944366954,0.6826961799175927,0.2508726030021272,0.6470588235294118,0.8871794871794871
0.0,0.5555555555555556,0.6590455049651833,0.5412658773652742,0.0,0.5555555555555556,0.7916666666666666
1.0,0.5882352941176471,0.6861292306411637,0.4891304944825294,0.4898979485566355,0.5882352941176471,0.7549019607843137
0.0,0.3,0.5333333333333333,0.4615384615384616,0.2727272727272727,0.3,1.0
1.0,0.6666666666666666,0.7647007520546186,0.7390530175619408,0.5720775535473553,0.6666666666666666,0.935897435897436
1.0,0.6875,0.7722473038649458,0.699579705756165,0.6689936080056726,0.6875,0.8871794871794871
1.0,0.6666666666666666,0.7562492266756061,0.7015607600201139,0.5477225575051661,0.6666666666666666,0.8928571428571429
1.0,0.7058823529411765,0.792618829653883,0.7728734264634368,0.4803844614152615,0.7058823529411765,0.942857142857143
1.0,0.6153846153846154,0.6896157348767359,0.6067489204290133,0.1178511301977579,0.5,0.9363636363636364
1.0,0.6666666666666666,0.7109542602605768,0.659329307747215,0.3481553119113957,0.5625,0.9505494505494506
0.0,0.4166666666666667,0.5920474583051322,0.523782800878924,0.3086066999241838,0.4166666666666667,0.9305555555555556
1.0,0.7142857142857143,0.799178072940446,0.7568230077691597,0.6674238124719146,0.7142857142857143,0.935897435897436
1.0,0.3,0.5086066999241838,0.3967800427596649,0.0,0.3,0.9285714285714286
0.0,0.5333333333333333,0.6777777777777779,0.6666666666666667,0.3999999999999999,0.5,1.0
1.0,0.4666666666666667,0.5884612092237257,0.4480270815665312,0.4558423058385518,0.4666666666666667,0.7606837606837606
1.0,0.5333333333333333,0.6159637842134541,0.4722620103960926,0.2132007163556104,0.4375,0.8384615384615385
1.0,0.2916666666666667,0.4969395154354545,0.3736703818124242,0.1490711984999859,0.2916666666666667,0.9117647058823528
1.0,0.8235294117647058,0.8554378477567998,0.8651809126974002,0.7590721152765897,0.8235294117647058,0.9448529411764706
1.0,0.4583333333333333,0.6294973274914056,0.5938932485490583,0.1936491673103708,0.4583333333333333,0.9640522875816994
1.0,0.75,0.8178208630818641,0.7801057548373027,0.3535533905932737,0.75,0.9181818181818182
1.0,0.6923076923076923,0.7564545227195542,0.658729875828981,0.502518907629606,0.6428571428571429,0.8741258741258741
1.0,0.2307692307692307,0.4669582993887286,0.3315305070450791,0.0,0.2307692307692307,0.9529411764705882
1.0,0.4090909090909091,0.5619678831521476,0.5423261445466404,0.0693375245281536,0.4090909090909091,0.888888888888889
0.0,0.4444444444444444,0.5817459091555214,0.4567193805747601,0.5547001962252291,0.4444444444444444,0.806060606060606
1.0,0.7647058823529411,0.8339622945769886,0.7580469914866148,0.6681531047810609,0.7777777777777778,0.9027777777777778
1.0,0.3666666666666666,0.5326210894001949,0.4510590964524789,0.2117024496099852,0.3666666666666666,0.8993135011441648
1.0,0.5263157894736842,0.6729077873422215,0.6440611887195307,0.4803844614152615,0.5263157894736842,0.9523809523809524
1.0,0.9,0.9031746031746032,0.8947368421052629,0.8235294117647058,0.8095238095238095,1.0
1.0,0.8421052631578947,0.8853452807077798,0.8638447251622667,0.7745966692414834,0.8421052631578947,0.9477124183006536
1.0,0.5,0.6451381155644951,0.5846339666834284,0.5477225575051661,0.5,0.9107142857142856
1.0,0.5,0.6314757303333053,0.5366563145999496,0.2886751345948129,0.5,0.85
1.0,0.3333333333333333,0.5555555555555555,0.4999999999999999,0.1249999999999999,0.3333333333333333,1.0
1.0,0.625,0.7252733665908505,0.6613000712661081,0.4472135954999579,0.625,0.8809523809523809
1.0,0.8947368421052632,0.9298245614035088,0.9444444444444446,0.6875,0.8947368421052632,1.0
1.0,0.6428571428571429,0.7592565486918877,0.7792073637012541,0.4351941398892446,0.6666666666666666,0.9395604395604396
1.0,0.6363636363636364,0.6843434343434344,0.7500000000000001,0.6249999999999999,0.5,1.0
1.0,0.5,0.6496147332452963,0.6934026834107999,0.4850712500726659,0.5217391304347826,0.9619883040935672
1.0,0.4347826086956521,0.6001076864607795,0.5371966557170478,0.0645497224367902,0.4347826086956521,0.9673202614379084
1.0,0.2727272727272727,0.515151515151515,0.4285714285714285,0.0,0.2727272727272727,1.0
0.0,0.4705882352941176,0.624041935613166,0.6445033866354896,0.5454545454545454,0.4705882352941176,1.0
0.0,0.5,0.5690355937288493,0.3535533905932738,0.0,0.5,0.5
1.0,0.6153846153846154,0.7083988072563822,0.6306858398076332,0.3198010745334156,0.6153846153846154,0.7923076923076923
1.0,0.6875,0.7531793208905677,0.6123724356957946,0.6761234037828132,0.6875,0.7708333333333334
1.0,0.55,0.6911095089281917,0.7125019281037414,0.2070196678027062,0.55,0.9558823529411764
1.0,0.5769230769230769,0.7099154089315624,0.6970714806775237,0.4866642633922876,0.5769230769230769,0.9642857142857144
1.0,0.8125,0.8656084386025168,0.8574929257125442,0.592999453328881,0.8125,0.9416666666666668
1.0,0.6153846153846154,0.6989315448512231,0.5773502691896257,0.0,0.6153846153846154,0.7777777777777778
1.0,0.6153846153846154,0.7280772733382744,0.6934273376331581,0.3535533905932737,0.6153846153846154,0.9272727272727272
0.0,0.4444444444444444,0.6296296296296297,0.6153846153846154,0.1818181818181818,0.4444444444444444,1.0
1.0,0.8125,0.8421292729553325,0.7323776028286229,0.7252406676228422,0.8125,0.8125
1.0,0.5,0.5948215135175787,0.4224039833745501,0.492365963917331,0.5,0.6634615384615384
0.0,0.4444444444444444,0.5996903145023651,0.4480896268889632,0.2631174057921088,0.4444444444444444,0.8666666666666667
1.0,0.9333333333333332,0.9442528165819876,0.9016856642073428,0.7205766921228922,0.9333333333333332,0.9333333333333332
0.0,0.2727272727272727,0.4704933164129947,0.3247595264191645,0.0,0.2727272727272727,0.875
1.0,0.3333333333333333,0.5555555555555555,0.4999999999999999,0.1666666666666666,0.3333333333333333,1.0
1.0,0.9333333333333332,0.9461639941580724,0.9110862335695784,0.8153742483272114,0.9333333333333332,0.9375
1.0,0.4166666666666667,0.573952216657324,0.4676438508624412,0.0672672793996312,0.4166666666666667,0.8596491228070176
1.0,0.6363636363636364,0.7449925737922163,0.6928203230275509,0.4008918628686365,0.6363636363636364,0.9222222222222222
1.0,0.48,0.644442842261525,0.614733806390258,0.1212678125181664,0.48,0.9649122807017544
0.0,0.3333333333333333,0.5555555555555555,0.5000000000000001,0.1875,0.3333333333333333,1.0
0.0,0.4210526315789473,0.5363567506684217,0.3609247006340566,0.0,0.4210526315789473,0.6705882352941176
1.0,0.6,0.7333333333333333,0.7499999999999999,0.5000000000000001,0.6,1.0
0.0,0.3333333333333333,0.5555555555555555,0.4999999999999999,0.0,0.3333333333333333,1.0
1.0,1.0,0.925925925925926,0.8749999999999998,1.0000000000000002,0.7777777777777778,1.0
1.0,0.7058823529411765,0.7675211246828139,0.6325419114288613,0.778498944161523,0.7058823529411765,0.7828054298642534
1.0,0.7058823529411765,0.7710508415827836,0.676040864149498,0.4834937784152281,0.7058823529411765,0.8269230769230769
1.0,0.4705882352941176,0.609193910338718,0.5065172916730961,0.2886751345948128,0.4705882352941176,0.8441558441558441
0.0,0.375,0.5833333333333334,0.5454545454545454,0.2222222222222222,0.375,1.0
1.0,0.6666666666666666,0.7145921780640289,0.7203939563188918,0.4677071733467426,0.6666666666666666,0.9097222222222222
1.0,0.6,0.7131121455425747,0.6630610140901583,0.4296689244236597,0.6,0.9058823529411764
1.0,0.4444444444444444,0.60490299622048,0.5290400570128865,0.0,0.4444444444444444,0.9047619047619048
0.0,0.3529411764705882,0.5025553595594833,0.3436215967445457,0.2182178902359924,0.3529411764705882,0.7619047619047619
1.0,0.1818181818181818,0.4298188211363051,0.2645200285064433,0.0,0.1818181818181818,0.9523809523809524
1.0,0.5384615384615384,0.6604857035521227,0.5756125669211851,0.3779644730092272,0.5384615384615384,0.8585858585858586
1.0,0.6923076923076923,0.765828771263554,0.6846531968814576,0.7826237921249264,0.6923076923076923,0.85
1.0,0.8888888888888888,0.9068622731199468,0.8380524814062784,0.1543033499620919,0.8888888888888888,0.8888888888888888
1.0,0.5,0.5792882624575406,0.3405529787873639,0.6030226891555273,0.5,0.4615384615384615
1.0,0.5,0.6451381155644951,0.5846339666834284,0.1825741858350553,0.5,0.9107142857142856
1.0,0.9545454545454546,0.955862977602108,0.9545454545454546,0.6999999999999998,0.9130434782608696,1.0
1.0,0.3076923076923077,0.5193978856555596,0.4190262407031392,0.0,0.3076923076923077,0.9444444444444444
1.0,0.5,0.6451381155644951,0.5846339666834284,0.0,0.5,0.9107142857142856
1.0,0.3157894736842105,0.5059947359321132,0.3798879687548221,0.2886751345948128,0.3157894736842105,0.8831168831168832
0.0,0.3684210526315789,0.5310636479469444,0.3996294580029151,0.0924500327042048,0.3684210526315789,0.8303030303030303
0.0,0.5714285714285714,0.6583024790649955,0.51203095036175,0.4558423058385518,0.5714285714285714,0.7264957264957266
0.0,0.3333333333333333,0.5555555555555555,0.4999999999999999,0.0,0.3333333333333333,1.0
1.0,0.3,0.4648146922243044,0.2854496128592251,0.1849000654084097,0.238095238095238,0.8787878787878788
1.0,0.6363636363636364,0.7223848212423962,0.6260990336999411,0.5669467095138409,0.6363636363636364,0.825
0.0,0.3571428571428571,0.5223628599027187,0.3876376661011099,0.1360827634879543,0.3571428571428571,0.8295454545454546
1.0,0.3888888888888889,0.5547276794018986,0.4432026302139591,0.3849001794597505,0.3888888888888889,0.8636363636363636
1.0,0.5,0.6150514182428388,0.4829452884162951,0.0,0.5,0.7714285714285714
1.0,0.6,0.7066220703359333,0.6368304537746307,0.3015113445777636,0.6,0.8741258741258741
1.0,0.7692307692307693,0.8026959650026142,0.6211616832473602,0.8164965809277259,0.7692307692307693,0.7142857142857143
0.0,0.3846153846153846,0.5545526534102284,0.447213595499958,0.2886751345948129,0.3846153846153846,0.875
1.0,0.4285714285714285,0.5578798126901945,0.408248290463863,0.2371708245126284,0.4285714285714285,0.75
1.0,0.6923076923076923,0.7419354696024815,0.4129483209670111,0.5241424183609592,0.6923076923076923,0.6
0.0,0.625,0.718647433337532,0.7218381724612674,0.3857583749052298,0.6470588235294118,0.8928571428571429
0.0,0.6875,0.7795413705531439,0.7571332305895535,0.5222329678670935,0.6875,0.9395604395604396
1.0,0.3333333333333333,0.4943877491981308,0.3402069087198858,0.1290994448735805,0.3333333333333333,0.7916666666666667
0.0,0.3333333333333333,0.4805484942662306,0.3018408052601845,0.1020620726159657,0.2631578947368421,0.8571428571428572
0.0,0.3846153846153846,0.5545526534102284,0.447213595499958,0.0,0.3846153846153846,0.875
1.0,0.4545454545454545,0.5939874900116263,0.3818813079129867,0.0,0.4545454545454545,0.7857142857142857
0.0,0.3333333333333333,0.5288442925581555,0.4245536358497538,0.4020151261036848,0.3333333333333333,0.916083916083916
0.0,0.3333333333333333,0.5026192302862421,0.3705946470216766,0.0,0.3333333333333333,0.829059829059829
1.0,0.5,0.6202209886079567,0.4766748733793743,0.1139605764596379,0.5,0.7606837606837606
0.0,0.1666666666666666,0.388888888888889,0.2777777777777778,0.0,0.1666666666666666,0.95
1.0,0.7272727272727273,0.7691161066559653,0.6202202657617758,0.5443310539518174,0.7272727272727273,0.7272727272727273
1.0,0.6470588235294118,0.7416889944366954,0.6826961799175927,0.6689936080056726,0.6470588235294118,0.8871794871794871
0.0,0.3846153846153846,0.5315203690602278,0.3876376661011099,0.0,0.3571428571428571,0.8295454545454546
0.0,0.2413793103448276,0.4762213078721908,0.3484914273941273,0.1252448582170298,0.2413793103448276,0.956656346749226
0.0,0.5,0.6511541964151975,0.6067489204290133,0.2357022603955158,0.5,0.9363636363636364
1.0,0.631578947368421,0.7235477025699574,0.6405777973927272,0.74535599249993,0.631578947368421,0.8487394957983194
1.0,0.4,0.5553418012614796,0.4330127018922193,0.0,0.4,0.8333333333333334
1.0,0.7142857142857143,0.7714285714285715,0.7500000000000001,0.3999999999999999,0.6,1.0
1.0,0.75,0.788675134594813,0.649519052838329,0.2041241452319315,0.75,0.75
1.0,0.7777777777777778,0.8518518518518517,0.875,0.5,0.7777777777777778,1.0
0.0,0.625,0.7021162795258918,0.5708992257184502,0.5547001962252291,0.625,0.7575757575757576
1.0,0.6666666666666666,0.7777777777777777,0.7999999999999999,0.5384615384615385,0.6666666666666666,1.0
0.0,0.5555555555555556,0.7037037037037036,0.7142857142857142,0.0,0.5555555555555556,1.0
0.0,0.4444444444444444,0.6296296296296297,0.6153846153846154,0.5454545454545454,0.4444444444444444,1.0
1.0,0.3333333333333333,0.5033135697927448,0.4684855792842043,0.1543033499620919,0.3333333333333333,0.9444444444444444
0.0,0.375,0.5542903097250923,0.4564354645876384,0.0,0.375,0.9
1.0,0.45,0.6220305943597653,0.5796550698475775,0.1601281538050871,0.45,0.9571428571428572
0.0,0.5714285714285714,0.6803344606258804,0.5652668637191949,0.5330017908890261,0.5714285714285714,0.8153846153846154
1.0,0.55,0.6691617376576767,0.5871963142766665,0.447213595499958,0.55,0.8613445378151261
1.0,0.5714285714285714,0.6329286962918658,0.431959397724831,0.0,0.5714285714285714,0.5714285714285714
0.0,0.4285714285714285,0.5876441056420566,0.635641726163728,0.4677071733467426,0.4285714285714285,0.9236111111111112
1.0,0.3636363636363636,0.4990243620640761,0.5132002392796673,0.0,0.3636363636363636,0.9444444444444444
1.0,0.5789473684210527,0.6977696945118635,0.6430973633517713,0.2314550249431378,0.5789473684210527,0.9017857142857144
1.0,0.875,0.9079096637067652,0.8558164961018221,0.6671243849949912,0.875,0.9416666666666668
1.0,0.8,0.8545413705531439,0.8259635242795128,0.6092717958449424,0.8,0.934065934065934
1.0,0.7368421052631579,0.7652451214698478,0.7276181492889349,0.5636018619766345,0.65,0.913312693498452
0.0,0.5454545454545454,0.6969696969696969,0.7058823529411765,0.3333333333333333,0.5454545454545454,1.0
1.0,0.7142857142857143,0.7743328731904482,0.6708203932499369,0.6929348671835833,0.7142857142857143,0.8125
1.0,0.5833333333333334,0.6938551031407901,0.6505242640992094,0.3429971702850177,0.52,0.9657894736842104
1.0,0.5882352941176471,0.69029925974507,0.596284793999944,0.0877058019307029,0.5882352941176471,0.8333333333333333
0.0,0.25,0.4681780112444302,0.3289214668121058,0.1259881576697424,0.25,0.9191919191919192
1.0,0.7142857142857143,0.7715858961046655,0.6354724999834659,0.4905114715879726,0.7142857142857143,0.7767857142857143
0.0,0.6666666666666666,0.754760889861532,0.7161148740394329,0.5454545454545454,0.6666666666666666,1.0
1.0,0.5625,0.6952563076101743,0.6651477158057467,0.2860387767736776,0.5625,0.9423076923076924
1.0,0.5294117647058824,0.6862745098039215,0.6923076923076924,0.2727272727272727,0.5294117647058824,1.0
1.0,0.5833333333333334,0.6645183643074363,0.5692099788303083,0.4008918628686365,0.4615384615384615,0.9333333333333332
0.0,0.5,0.5948215135175787,0.4224039833745501,0.2461829819586655,0.5,0.6634615384615384
1.0,0.6666666666666666,0.745955789022208,0.6578429336242116,0.5039526306789696,0.6666666666666666,0.8383838383838385
1.0,0.6470588235294118,0.7200476836144207,0.5953924651018015,0.5916079783099616,0.6470588235294118,0.7708333333333334
1.0,0.5333333333333333,0.6746979248076683,0.6382847385042254,0.3162277660168379,0.5333333333333333,0.9393939393939392
1.0,0.4166666666666667,0.5920474583051322,0.523782800878924,0.0,0.4166666666666667,0.9305555555555556
0.0,0.25,0.4166666666666667,0.234375,0.0,0.25,0.7569444444444444
1.0,0.3809523809523809,0.5759988483280193,0.5152489509756245,0.0,0.3809523809523809,0.961904761904762
1.0,0.6842105263157895,0.7614035087719299,0.75,0.4285714285714285,0.6,1.0
1.0,0.4285714285714285,0.5975190679454475,0.5261705700150855,0.1543033499620919,0.4285714285714285,0.9196428571428572
1.0,0.6470588235294118,0.7416889944366954,0.6826961799175927,0.5853694070049636,0.6470588235294118,0.8871794871794871
1.0,0.7142857142857143,0.8095238095238096,0.8333333333333335,0.5,0.7142857142857143,1.0
1.0,0.3125,0.4970084679281462,0.3608439182435161,0.0,0.3125,0.8611111111111112
1.0,0.5454545454545454,0.677906044163718,0.6285393610547089,0.3086066999241838,0.5454545454545454,0.9166666666666666
1.0,0.4285714285714285,0.6190476190476191,0.5999999999999999,0.4999999999999999,0.4285714285714285,1.0
1.0,0.3636363636363636,0.546319112983277,0.4431800195652587,0.1690308509457032,0.3636363636363636,0.873015873015873
1.0,0.4761904761904761,0.6402089296442689,0.6051536478449089,0.2964997266644405,0.4761904761904761,0.9583333333333334
0.0,0.625,0.6801898050140315,0.4941058844013092,0.6614378277661476,0.625,0.625
0.0,0.3636363636363636,0.5405666394242145,0.5590169943749475,0.0,0.3636363636363636,1.0
0.0,0.4444444444444444,0.60490299622048,0.5290400570128865,0.4472135954999579,0.4444444444444444,0.9047619047619048
0.0,0.6666666666666666,0.7562492266756062,0.701560760020114,0.4629100498862757,0.6666666666666666,0.8928571428571429
1.0,0.3846153846153846,0.4921125168057723,0.2946278254943948,0.4743416490252569,0.3846153846153846,0.5833333333333333
1.0,0.5714285714285714,0.6583024790649955,0.51203095036175,0.6837634587578276,0.5714285714285714,0.7264957264957266
0.0,0.4615384615384615,0.5911656624492281,0.4409585518440984,0.5163977794943223,0.4615384615384615,0.75
1.0,0.625,0.6805555555555557,0.8750000000000001,0.5714285714285714,0.625,1.0
1.0,0.7647058823529411,0.7393759609897333,0.5658365267145452,0.8563488385776753,0.5789473684210527,0.8009049773755657
0.0,0.4782608695652174,0.6521739130434782,0.6470588235294118,0.2666666666666666,0.4782608695652174,1.0
1.0,0.2307692307692307,0.4871794871794871,0.3749999999999999,0.0,0.2307692307692307,1.0
1.0,0.6470588235294118,0.7416889944366954,0.6826961799175927,0.4181210050035454,0.6470588235294118,0.8871794871794871
1.0,0.4375,0.5648063202036232,0.4225771273642583,0.3061862178478972,0.4117647058823529,0.8
1.0,0.3636363636363636,0.5542290246554042,0.4677071733467426,0.3651483716701107,0.3636363636363636,0.9285714285714286
1.0,0.8,0.8545413705531439,0.8259635242795128,0.6092717958449424,0.8,0.934065934065934
1.0,0.5555555555555556,0.680686815787458,0.6206328908341752,0.4181210050035454,0.5555555555555556,0.8974358974358974
0.0,0.5,0.6348446779110969,0.5330289841642607,0.1924500897298752,0.5,0.8441558441558441
1.0,0.7333333333333333,0.7974955888130727,0.727430078392719,0.4564354645876384,0.7333333333333333,0.8690476190476191
1.0,0.6666666666666666,0.7166099714203531,0.5443310539518172,0.7844645405527361,0.6666666666666666,0.6666666666666666
1.0,0.6,0.7066220703359333,0.6368304537746307,0.0,0.6,0.8741258741258741
1.0,0.5384615384615384,0.6604857035521227,0.5756125669211851,0.3779644730092272,0.5384615384615384,0.8585858585858586
1.0,0.4545454545454545,0.6209706251891469,0.5159304318668513,0.2434322477800738,0.4545454545454545,0.9029411764705882
1.0,0.3076923076923077,0.4513111870868707,0.2685632530458169,0.0,0.3076923076923077,0.696969696969697
0.0,0.3076923076923077,0.5193978856555596,0.4190262407031392,0.0,0.3076923076923077,0.9444444444444444
1.0,0.4705882352941176,0.6339817978062529,0.5912424140495526,0.3813850356982369,0.4705882352941176,0.9487179487179488
1.0,0.6470588235294118,0.7444781664745089,0.6564197634486103,0.223606797749979,0.6666666666666666,0.8487394957983194
1.0,0.5833333333333334,0.7051166549057268,0.6640783086353597,0.4008918628686365,0.5833333333333334,0.9222222222222222
1.0,0.8333333333333334,0.8418803418803419,0.8181818181818182,0.3333333333333333,0.6923076923076923,1.0
0.0,0.4736842105263157,0.6044646082790234,0.4871392896287467,0.4225771273642583,0.4736842105263157,0.8125
0.0,0.2857142857142857,0.4793650793650792,0.4044444444444444,0.083624201000709,0.2857142857142857,0.9384615384615383
0.0,0.4,0.5553418012614796,0.4330127018922194,0.0,0.4,0.8333333333333334
0.0,0.3888888888888889,0.5795155668694335,0.5173371122933585,0.0,0.3888888888888889,0.9551282051282052
1.0,0.6666666666666666,0.7606722104612823,0.6588078458684123,0.5773502691896258,0.6666666666666666,0.8666666666666666
0.0,0.5238095238095238,0.6431787171024149,0.538949341142787,0.649519052838329,0.5238095238095238,0.8253968253968255
1.0,0.4444444444444444,0.60490299622048,0.5290400570128865,0.0,0.4444444444444444,0.9047619047619048
1.0,0.3333333333333333,0.5288442925581555,0.4245536358497538,0.3015113445777636,0.3333333333333333,0.916083916083916
1.0,0.375,0.5542903097250923,0.4564354645876384,0.0,0.375,0.9
1.0,0.7692307692307693,0.824220090485122,0.7246028634118791,0.502518907629606,0.7692307692307693,0.8601398601398602
1.0,0.6363636363636364,0.7223848212423962,0.6260990336999411,0.7216878364870323,0.6363636363636364,0.825
1.0,0.631578947368421,0.7438012437628988,0.7261843774138907,0.592999453328881,0.631578947368421,0.95
1.0,0.4545454545454545,0.6228313775637186,0.4737793696791343,0.3086066999241838,0.4545454545454545,0.9305555555555556
1.0,0.6363636363636364,0.7499939408290627,0.7309106050835934,0.4850712500726659,0.6363636363636364,0.95906432748538
1.0,0.6666666666666666,0.7331195790392573,0.606217782649107,0.4576043153224295,0.6666666666666666,0.7666666666666666
1.0,0.3846153846153846,0.5223182681494116,0.3626018341897571,0.1490711984999859,0.3846153846153846,0.7402597402597402
0.0,0.5714285714285714,0.6670840727120316,0.542144258070917,0.4900980294098034,0.5714285714285714,0.7744360902255639
1.0,0.6842105263157895,0.7501127187732587,0.6369401304414756,0.5773502691896258,0.6842105263157895,0.7936507936507936
0.0,0.3846153846153846,0.5545526534102284,0.447213595499958,0.1443375672974064,0.3846153846153846,0.875
1.0,0.6923076923076923,0.7948717948717948,0.8181818181818182,0.7777777777777778,0.6923076923076923,1.0
1.0,0.5,0.6399554036692666,0.5660715144663384,0.3015113445777636,0.5,0.8881118881118881
1.0,0.6842105263157895,0.7692524964197677,0.7183160985976713,0.5012804118276031,0.6842105263157895,0.8980392156862744
1.0,0.2222222222222222,0.4524384578732405,0.3042903097250923,0.0,0.2222222222222222,0.9333333333333332
0.0,0.25,0.403348982268231,0.2662676050517599,0.1781741612749496,0.25,0.8579545454545454
1.0,0.7222222222222222,0.7949614757526439,0.7363247577138422,0.583383351196948,0.7368421052631579,0.8519736842105263
1.0,0.8823529411764706,0.9013474396602218,0.8288262676126977,0.5012804118276031,0.8823529411764706,0.8823529411764706
1.0,0.8,0.7873015873015875,0.7983193277310924,0.5728918992315464,0.8,0.8901960784313725
1.0,0.6153846153846154,0.6989315448512231,0.5773502691896257,0.4780914437337574,0.6153846153846154,0.7777777777777778
0.0,0.2,0.4314757303333053,0.2683281572999748,0.0,0.2,0.925
1.0,0.5,0.6432232267337894,0.563436169819011,0.1118033988749894,0.5,0.8833333333333334
1.0,0.8125,0.8636972610264321,0.8372795453353898,0.7205766921228922,0.8125,0.938095238095238
0.0,0.3846153846153846,0.5223182681494116,0.3626018341897571,0.2981423969999719,0.3846153846153846,0.7402597402597402
1.0,0.7692307692307693,0.8319628820726256,0.7978559231302818,0.5270462766947299,0.7692307692307693,0.9242424242424244
1.0,0.7333333333333333,0.7974955888130727,0.727430078392719,0.4564354645876384,0.7333333333333333,0.8690476190476191
1.0,0.5454545454545454,0.6969696969696969,0.7058823529411765,0.4666666666666666,0.5454545454545454,1.0
1.0,0.7058823529411765,0.7754746088808001,0.8038996178555102,0.592999453328881,0.7058823529411765,0.9458333333333332
0.0,0.5833333333333334,0.6922327256844157,0.6998575663211082,0.5564148840746571,0.5833333333333334,0.924812030075188
0.0,0.2,0.4399554036692665,0.2830357572331692,0.1005037815259212,0.2,0.944055944055944
1.0,0.2777777777777778,0.5043275544372979,0.3989279615651409,0.0,0.2777777777777778,0.9621212121212122
1.0,0.5263157894736842,0.6619235095263517,0.5763505277136891,0.372677996249965,0.5263157894736842,0.8739495798319328
1.0,0.3333333333333333,0.5237335667999858,0.4111518335151322,0.0,0.3333333333333333,0.898989898989899
1.0,0.4666666666666667,0.6154014208362035,0.5325080420189114,0.0,0.4666666666666667,0.8833333333333334
1.0,0.5,0.6314757303333053,0.5366563145999496,0.1443375672974064,0.5,0.85
1.0,0.4210526315789473,0.6019097916057755,0.5506423495196753,0.2611164839335467,0.4210526315789473,0.956043956043956
1.0,0.6,0.7066220703359333,0.6368304537746307,0.7035264706814485,0.6,0.8741258741258741
1.0,0.7222222222222222,0.7839765524724917,0.6939592805087877,0.6708203932499369,0.7222222222222222,0.8361344537815125
1.0,0.7142857142857143,0.8095238095238096,0.8571428571428571,0.5882352941176471,0.7142857142857143,1.0
1.0,0.2962962962962963,0.5034185093582798,0.3863843938872618,0.0648203723552164,0.2962962962962963,0.9210526315789472
0.0,0.5714285714285714,0.7043332143341582,0.6848064706908225,0.4830458915396479,0.5714285714285714,0.9558823529411764
1.0,0.6923076923076923,0.8021978021978023,0.8333333333333335,0.1999999999999999,0.7142857142857143,1.0
1.0,0.4375,0.5840193397690098,0.4722620103960926,0.2132007163556104,0.4375,0.8384615384615385
0.0,0.2,0.4150514182428388,0.2414726442081475,0.0,0.2,0.8857142857142857
1.0,0.3846153846153846,0.5545526534102284,0.447213595499958,0.2886751345948129,0.3846153846153846,0.875
0.0,0.5,0.5948215135175787,0.4224039833745501,0.492365963917331,0.5,0.6634615384615384
1.0,0.3,0.5086066999241838,0.3967800427596649,0.0,0.3,0.9285714285714286
1.0,0.8571428571428571,0.8634920634920635,0.8461538461538463,0.8181818181818182,0.7333333333333333,1.0
0.0,0.5384615384615384,0.6805622993869364,0.6378603776778394,0.1178511301977579,0.5384615384615384,0.9363636363636364
1.0,0.6875,0.7817141667151106,0.7922830417853545,0.4003203845127179,0.6875,0.942857142857143
1.0,0.5625,0.6952563076101743,0.6651477158057467,0.3813850356982369,0.5625,0.9423076923076924
1.0,0.6,0.7066220703359333,0.6368304537746307,0.3015113445777636,0.6,0.8741258741258741
1.0,0.7857142857142857,0.844065831419698,0.8129583193181349,0.8581163303210331,0.7857142857142857,0.9294871794871796
1.0,0.7368421052631579,0.8146089035572159,0.7989408824726263,0.5520524474738834,0.7368421052631579,0.9485294117647058
1.0,0.5185185185185185,0.6578064069572203,0.6906785942747121,0.3077935056255462,0.5185185185185185,0.9675324675324676
1.0,0.7142857142857143,0.8095238095238096,0.8333333333333335,0.2999999999999999,0.7142857142857143,1.0
0.0,0.25,0.5,0.3999999999999999,0.2499999999999999,0.25,1.0
1.0,0.3333333333333333,0.4668220174573365,0.2822305329635934,0.0,0.3333333333333333,0.6703296703296704
0.0,0.1904761904761904,0.4397155227951743,0.3092947870658709,0.0,0.1904761904761904,0.9523809523809524
1.0,0.4285714285714285,0.6190476190476191,0.5999999999999999,0.1249999999999999,0.4285714285714285,1.0
1.0,0.5,0.6666666666666666,0.6666666666666667,0.3999999999999999,0.5,1.0
1.0,0.5263157894736842,0.6729077873422215,0.6440611887195307,0.5604485383178051,0.5263157894736842,0.9523809523809524
1.0,0.5294117647058824,0.6862745098039215,0.6923076923076924,0.3636363636363636,0.5294117647058824,1.0
1.0,0.5384615384615384,0.6923076923076922,0.6999999999999998,0.1249999999999999,0.5384615384615384,1.0
1.0,0.6190476190476191,0.746031746031746,0.7647058823529411,0.6666666666666666,0.6190476190476191,1.0
0.0,0.1538461538461538,0.3868317243715831,0.2132007163556104,0.0,0.1538461538461538,1.0
0.0,0.25,0.4705615372257012,0.3545440156522069,0.0,0.25,0.9047619047619048
1.0,1.0,0.9233808333817772,0.6790997501017323,0.8006407690254358,0.8,0.942857142857143
1.0,0.4,0.585394295822505,0.5229125165837972,0.0,0.4,0.9285714285714286
1.0,0.6923076923076923,0.7948717948717948,0.8181818181818182,0.2222222222222222,0.6923076923076923,1.0
1.0,0.5454545454545454,0.677906044163718,0.6285393610547089,0.0,0.5454545454545454,0.9166666666666666
0.0,0.4736842105263157,0.5839226958641585,0.425858646991682,0.4303314829119352,0.4736842105263157,0.7112299465240641
0.0,0.3333333333333333,0.5555555555555556,0.5000000000000001,0.1999999999999999,0.3333333333333333,1.0
1.0,0.5714285714285714,0.7142857142857143,0.7272727272727273,0.4444444444444444,0.5714285714285714,1.0
1.0,0.3333333333333333,0.5288442925581555,0.4245536358497538,0.0,0.3333333333333333,0.916083916083916
1.0,0.6,0.7170632437371139,0.6794212365795298,0.5564148840746571,0.6,0.924812030075188
1.0,0.6111111111111112,0.7078700136960733,0.6197041254703731,0.161164592805076,0.6111111111111112,0.8413461538461539
1.0,0.6428571428571429,0.7209241016737717,0.6071940133664049,0.2132007163556104,0.6428571428571429,0.7923076923076923
1.0,0.4285714285714285,0.6190476190476191,0.5999999999999999,0.0,0.4285714285714285,1.0
1.0,0.5454545454545454,0.6806996073734775,0.6718930234318342,0.5009794328681195,0.5454545454545454,0.9195046439628484
0.0,0.4545454545454545,0.618000697204659,0.4535573676110727,0.2886751345948129,0.4545454545454545,0.875
1.0,0.5714285714285714,0.6642312428186468,0.5650012464695302,0.2886751345948128,0.5714285714285714,0.8246753246753247
1.0,0.6428571428571429,0.7477137978235414,0.7180703308172536,0.4216370213557839,0.6428571428571429,0.9318181818181818
1.0,0.4166666666666667,0.611111111111111,0.5882352941176471,0.1999999999999999,0.4166666666666667,1.0
1.0,0.7272727272727273,0.8010762508653227,0.758946638440411,0.5345224838248487,0.7272727272727273,0.9111111111111112
0.0,0.4666666666666667,0.6444444444444445,0.6363636363636364,0.0,0.4666666666666667,1.0
1.0,0.7,0.780936347194021,0.7332959212304936,0.6172133998483676,0.7,0.9027777777777778
0.0,0.4074074074074074,0.5878327042884429,0.5217758139277826,0.1767766952966369,0.4074074074074074,0.9388888888888888
1.0,0.3684210526315789,0.5091371734350842,0.3458741190809165,0.1889822365046136,0.3684210526315789,0.7375
0.0,0.625,0.701973661673942,0.6776041131422789,0.2614881801842454,0.625,0.8555555555555555
0.0,0.4285714285714285,0.6190476190476191,0.5999999999999999,0.2499999999999999,0.4285714285714285,1.0
1.0,0.5714285714285714,0.6739191539553273,0.5465943944999485,0.2672612419124244,0.5,0.9236111111111112
1.0,0.7272727272727273,0.8010762508653227,0.758946638440411,0.2672612419124243,0.7272727272727273,0.9111111111111112
0.0,0.3846153846153846,0.5424490331839341,0.5148697981926198,0.1336306209562121,0.3846153846153846,0.9444444444444444
1.0,0.8260869565217391,0.8840579710144928,0.925925925925926,0.7619047619047619,0.8260869565217391,1.0
1.0,0.8333333333333334,0.888888888888889,0.9090909090909092,0.5555555555555556,0.8333333333333334,1.0
0.0,0.3125,0.4970084679281462,0.3608439182435161,0.358568582800318,0.3125,0.8611111111111112
1.0,0.6666666666666666,0.7562492266756062,0.701560760020114,0.4629100498862757,0.6666666666666666,0.8928571428571429
1.0,0.7857142857142857,0.8465581359934751,0.8391463916782737,0.6092717958449424,0.7857142857142857,0.934065934065934
1.0,0.6428571428571429,0.7477137978235414,0.7180703308172536,0.3162277660168379,0.6428571428571429,0.9318181818181818
0.0,0.2222222222222222,0.4107236019626068,0.3635660129738659,0.0,0.2222222222222222,0.944055944055944
1.0,0.4444444444444444,0.5817459091555214,0.4567193805747601,0.3698001308168194,0.4444444444444444,0.806060606060606
1.0,0.7272727272727273,0.7691161066559653,0.6202202657617758,0.5443310539518174,0.7272727272727273,0.7272727272727273
1.0,0.4666666666666667,0.6154014208362035,0.5325080420189114,0.2236067977499789,0.4666666666666667,0.8833333333333334
1.0,0.4705882352941176,0.609193910338718,0.5065172916730961,0.4811252243246881,0.4705882352941176,0.8441558441558441
1.0,0.6923076923076923,0.72615733491704,0.618589574131742,0.8164965809277259,0.6923076923076923,0.7142857142857143
1.0,0.5217391304347826,0.6153659558508515,0.4763139720814412,0.2614881801842454,0.4583333333333333,0.8166666666666668
1.0,0.8947368421052632,0.905345110012301,0.8760219196903922,0.7150969419341942,0.8947368421052632,0.9090909090909092
1.0,0.375,0.5833333333333334,0.5454545454545454,0.1111111111111111,0.375,1.0
1.0,0.5625,0.6675089696508523,0.4826397999239062,0.2773500981126146,0.5625,0.7818181818181817
0.0,0.3666666666666666,0.5542179035393061,0.4646601886422924,0.2169304578186561,0.3666666666666666,0.9210526315789472
1.0,0.3181818181818182,0.5341518064809774,0.4508428321036714,0.1601281538050871,0.3181818181818182,0.9666666666666668
1.0,0.7777777777777778,0.8316306640610932,0.7735711831051846,0.5728918992315464,0.7777777777777778,0.8901960784313725
0.0,0.3809523809523809,0.5253321134384853,0.4309896591586028,0.3113995776646092,0.3809523809523809,0.8552036199095022
1.0,0.5833333333333334,0.7051166549057268,0.6640783086353597,0.4008918628686365,0.5833333333333334,0.9222222222222222
1.0,0.5,0.6666666666666666,0.6666666666666667,0.0,0.5,1.0
1.0,0.4666666666666667,0.6444444444444445,0.6363636363636364,0.2222222222222222,0.4666666666666667,1.0
1.0,0.625,0.7213793087389693,0.6298366572977737,0.3913118960624632,0.625,0.8484848484848484
0.0,0.4444444444444444,0.6049029962204802,0.5290400570128866,0.4564354645876384,0.4444444444444444,0.9047619047619048
1.0,0.6111111111111112,0.6874634242130094,0.543638150269698,0.2449489742783177,0.6111111111111112,0.7303921568627452
0.0,0.6,0.6454875194112172,0.4899539464934427,0.1690308509457032,0.4545454545454545,0.8412698412698413
1.0,0.6666666666666666,0.7166099714203531,0.5443310539518174,0.7115124735378853,0.6666666666666666,0.6666666666666666
1.0,0.6875,0.7864913786734907,0.7728734264634368,0.5604485383178051,0.7058823529411765,0.942857142857143
1.0,0.7692307692307693,0.8319628820726256,0.7978559231302818,0.8432740427115678,0.7692307692307693,0.9242424242424244
1.0,0.625,0.6999019438166401,0.6299878475738538,0.4909902530309828,0.625,0.8067632850241546
1.0,0.5882352941176471,0.7133648999649087,0.6883029368995941,0.6092717958449424,0.5882352941176471,0.945054945054945
1.0,0.5333333333333333,0.6329056536681702,0.599274319136185,0.0962250448649376,0.5333333333333333,0.8246753246753247
1.0,0.7619047619047619,0.8323793501980329,0.8196450751870107,0.4850712500726659,0.7619047619047619,0.953216374269006
0.0,0.3846153846153846,0.5545526534102284,0.447213595499958,0.2886751345948129,0.3846153846153846,0.875
1.0,0.7647058823529411,0.8216087037997891,0.7600241566884569,0.3857583749052298,0.7647058823529411,0.8839285714285714
1.0,0.4,0.5553418012614796,0.4330127018922193,0.2390457218668787,0.4,0.8333333333333334
0.0,0.3461538461538461,0.4953972927817123,0.3780400885892594,0.1272569525951555,0.3461538461538461,0.8285714285714285
1.0,0.5652173913043478,0.6860245963941187,0.7008766440504623,0.5294117647058824,0.5416666666666666,1.0
0.0,0.3846153846153846,0.5897435897435898,0.5555555555555556,0.4285714285714285,0.3846153846153846,1.0
1.0,0.6086956521739131,0.7240590762813591,0.6784005252999681,0.5303300858899107,0.6086956521739131,0.9222222222222222
1.0,0.7058823529411765,0.792618829653883,0.7728734264634368,0.4003203845127179,0.7058823529411765,0.942857142857143
0.0,0.25,0.4784714488978284,0.3507803800100569,0.1825741858350553,0.25,0.9464285714285714
1.0,0.7333333333333333,0.7974955888130727,0.727430078392719,0.6390096504226938,0.7333333333333333,0.8690476190476191
0.0,0.2941176470588235,0.5003687410976414,0.3803628871563654,0.2236067977499789,0.2941176470588235,0.9166666666666669
1.0,0.45,0.6220305943597653,0.5796550698475775,0.5604485383178051,0.45,0.9571428571428572
0.0,0.391304347826087,0.554841933113457,0.4409585518440984,0.2886751345948129,0.391304347826087,0.8571428571428571
1.0,0.3846153846153846,0.5545526534102284,0.447213595499958,0.1443375672974064,0.3846153846153846,0.875
1.0,0.7222222222222222,0.8042300936654329,0.7866997421983816,0.5188745216627709,0.7222222222222222,0.9458333333333332
1.0,0.4666666666666667,0.6296221397464142,0.5816288348992491,0.2503130871608794,0.4666666666666667,0.9420289855072465
1.0,0.5,0.6314757303333053,0.5366563145999496,0.4330127018922193,0.5,0.85
1.0,0.4285714285714285,0.5975190679454475,0.5261705700150855,0.2314550249431378,0.4285714285714285,0.9196428571428572
1.0,0.2727272727272727,0.515151515151515,0.4285714285714285,0.0,0.2727272727272727,1.0
1.0,0.7222222222222222,0.7360690200901393,0.6431685185902933,0.6301260378126045,0.7222222222222222,0.7368421052631579
0.0,0.4761904761904761,0.6317299979876719,0.6481812160876687,0.3571428571428571,0.4761904761904761,1.0
1.0,0.6111111111111112,0.7294380017671728,0.7084673075914837,0.4003203845127179,0.6111111111111112,0.9476190476190476
1.0,0.625,0.7252733665908505,0.6613000712661081,0.4472135954999579,0.625,0.8809523809523809
1.0,0.55,0.6691617376576767,0.5871963142766665,0.2981423969999719,0.55,0.8613445378151261
1.0,0.625,0.7252733665908506,0.6613000712661082,0.4564354645876384,0.625,0.8809523809523809
1.0,0.7894736842105263,0.8224902283532304,0.701465776293662,0.5381382351970501,0.7894736842105263,0.7894736842105263
0.0,0.2857142857142857,0.3972007481248712,0.1908226685987822,0.0,0.2857142857142857,0.5076923076923077
1.0,0.3333333333333333,0.5161945901182877,0.3919631571947541,0.1690308509457032,0.3333333333333333,0.873015873015873
0.0,0.3125,0.5182232267337894,0.3521476061368819,0.0,0.3125,0.9166666666666669
1.0,0.6923076923076923,0.794871794871795,0.8571428571428571,0.3999999999999999,0.6923076923076923,1.0
1.0,0.7692307692307693,0.8319628820726256,0.7978559231302818,0.2108185106778919,0.7692307692307693,0.9242424242424244
0.0,0.5,0.6150514182428388,0.4829452884162951,0.2581988897471611,0.5,0.7714285714285714
1.0,0.7222222222222222,0.7887996300579111,0.7231015260621872,0.6240377207533828,0.7222222222222222,0.8444444444444444
1.0,1.0,1.0,1.0,1.0,1.0,1.0
0.0,0.1666666666666666,0.3958718254345545,0.3517632353407242,0.0,0.1666666666666666,1.0
0.0,0.5833333333333334,0.6731565106963694,0.5426927325415538,0.2721655269759087,0.5833333333333334,0.7613636363636364
1.0,0.6818181818181818,0.7618636031218841,0.6914658342969665,0.4868644955601476,0.6818181818181818,0.8676470588235294
0.0,0.5294117647058824,0.6013931739705648,0.3726779962499649,0.3779644730092272,0.5294117647058824,0.5
1.0,0.75,0.788675134594813,0.649519052838329,0.8164965809277261,0.75,0.75
1.0,0.3333333333333333,0.457924482617738,0.2651650429449553,0.0,0.3333333333333333,0.625
1.0,0.5555555555555556,0.6899724235566979,0.6430973633517713,0.5400617248673217,0.5789473684210527,0.9017857142857144
1.0,0.75,0.7984062631896336,0.8140915784106942,0.6153846153846154,0.7058823529411765,1.0
1.0,0.44,0.6086351009756391,0.5476293859050573,0.4383570037596046,0.44,0.9318885448916407
0.0,0.36,0.5188866755113585,0.3764970119403339,0.2041241452319315,0.36,0.8071428571428572
1.0,0.631578947368421,0.7369720330504631,0.6794590068413118,0.3580574370197164,0.631578947368421,0.9058823529411764
1.0,0.7777777777777778,0.8171780753121988,0.7964254847831473,0.6681531047810609,0.7777777777777778,0.8958333333333334
0.0,0.25,0.4882546070792441,0.3189301888389197,0.2357022603955158,0.25,0.9636363636363636
0.0,0.5,0.6150514182428388,0.4829452884162951,0.5163977794943222,0.5,0.7714285714285714
0.0,0.7,0.780936347194021,0.7332959212304936,0.4629100498862757,0.7,0.9027777777777778
0.0,0.2777777777777778,0.4620299757477122,0.3018408052601845,0.0,0.2631578947368421,0.8571428571428572
0.0,0.2777777777777778,0.4775378582875283,0.3373300074257805,0.1066003581778052,0.2777777777777778,0.8846153846153846
1.0,0.4375,0.558927908579091,0.4008918628686366,0.0,0.4375,0.7222222222222222
1.0,0.4736842105263157,0.6104172991786053,0.5671585640767101,0.3086066999241839,0.4736842105263157,0.9196428571428572
1.0,0.8,0.8363508748521887,0.6681531047810609,0.2390457218668787,0.8181818181818182,0.75
1.0,0.6086956521739131,0.7302399437108004,0.7171894407886343,0.1819017187772497,0.6086956521739131,0.95906432748538
0.0,0.5714285714285714,0.6670840727120316,0.542144258070917,0.560112033611204,0.5714285714285714,0.7744360902255639
1.0,0.3333333333333333,0.4722222222222221,0.3888888888888889,0.1414213562373094,0.3333333333333333,0.7023809523809523
1.0,0.4545454545454545,0.5970026709263686,0.4899539464934427,0.5070925528371099,0.4545454545454545,0.8412698412698413
1.0,0.6666666666666666,0.7399128645870837,0.6331466145913701,0.5773502691896257,0.6666666666666666,0.8051948051948052
1.0,0.5333333333333333,0.6746979248076683,0.6382847385042254,0.4216370213557839,0.5333333333333333,0.9393939393939392
0.0,0.2631578947368421,0.5087719298245614,0.4166666666666667,0.0999999999999999,0.2631578947368421,1.0
0.0,0.6428571428571429,0.7477137978235414,0.7180703308172536,0.4216370213557839,0.6428571428571429,0.9318181818181818
1.0,0.4444444444444444,0.6049029962204802,0.5290400570128866,0.273861278752583,0.4444444444444444,0.9047619047619048
1.0,0.5833333333333334,0.6970556645695717,0.6051274867911591,0.5039526306789696,0.5833333333333334,0.8585858585858586
1.0,0.6153846153846154,0.7280772733382744,0.6934273376331581,0.0,0.6153846153846154,0.9272727272727272
1.0,0.25,0.4784714488978284,0.3507803800100569,0.0,0.25,0.9464285714285714
0.0,0.6363636363636364,0.7575757575757575,0.7777777777777778,0.7142857142857142,0.6363636363636364,1.0
1.0,0.6111111111111112,0.6679860607309314,0.4777275310931271,0.5833333333333334,0.6111111111111112,0.6111111111111112
1.0,0.2,0.4399030030758162,0.252469139787927,0.1490711984999859,0.2,0.9369747899159664
1.0,0.6666666666666666,0.7299785298323965,0.6651477158057467,0.7627700713964739,0.5625,0.9423076923076924
1.0,0.3529411764705882,0.5251695698291603,0.3952847075210474,0.1020620726159657,0.3529411764705882,0.8285714285714285
1.0,0.3333333333333333,0.508053197459737,0.4287464628562721,0.0693375245281536,0.3333333333333333,0.9111111111111112
0.0,0.2727272727272727,0.4704933164129947,0.3247595264191645,0.2041241452319315,0.2727272727272727,0.875
1.0,0.6956521739130435,0.7749560730740997,0.8044314538107956,0.8111071056538127,0.6956521739130435,0.9595238095238096
0.0,0.2666666666666666,0.4940055437946156,0.3794733192202055,0.0,0.2666666666666666,0.9555555555555556
1.0,0.5333333333333333,0.6746979248076683,0.6382847385042254,0.1054092553389459,0.5333333333333333,0.9393939393939392
1.0,0.4615384615384615,0.6239200737091456,0.5692099788303083,0.0,0.4615384615384615,0.9333333333333332
1.0,0.5384615384615384,0.6604857035521227,0.5756125669211851,0.1259881576697424,0.5384615384615384,0.8585858585858586
0.0,0.45,0.6220305943597653,0.5796550698475775,0.2401922307076307,0.45,0.9571428571428572
1.0,0.375,0.5542903097250923,0.4564354645876384,0.0,0.375,0.9
1.0,0.5555555555555556,0.680686815787458,0.6206328908341752,0.5017452060042545,0.5555555555555556,0.8974358974358974
0.0,0.65,0.7376236430584256,0.6592956710710334,0.6240377207533828,0.65,0.8555555555555555
0.0,0.3076923076923077,0.5113144229761024,0.3265986323710904,0.1443375672974064,0.3076923076923077,0.9
1.0,0.6842105263157895,0.7318637481666966,0.5659585523310865,0.6581451817144176,0.6842105263157895,0.6842105263157895
1.0,0.75,0.7868876552746235,0.595843591724218,0.0,0.75,0.6923076923076923
1.0,0.75,0.8178208630818641,0.7801057548373027,0.3535533905932737,0.75,0.9181818181818182
0.0,0.5,0.5987785998920887,0.5388498568636405,0.4665694748158435,0.5217391304347826,0.7336956521739131
0.0,0.5,0.6451381155644951,0.5846339666834284,0.5477225575051661,0.5,0.9107142857142856
1.0,0.7058823529411765,0.7945300072299677,0.7503063099984761,0.592999453328881,0.7058823529411765,0.95
0.0,0.5238095238095238,0.6431787171024149,0.538949341142787,0.5051814855409226,0.5238095238095238,0.8253968253968255
1.0,1.0,1.0,0.9999999999999998,1.0000000000000002,1.0,1.0
0.0,0.5789473684210527,0.6827195171205189,0.6873360332686941,0.7161148740394329,0.5789473684210527,0.9058823529411764
1.0,0.375,0.5273500981126146,0.3840232127713124,0.3418817293789138,0.375,0.7948717948717949
1.0,0.6818181818181818,0.7297863958270446,0.5629928344396161,0.6201736729460423,0.6818181818181818,0.6818181818181818
0.0,0.2272727272727272,0.4727231887349621,0.344151468449797,0.0870388279778489,0.2272727272727272,0.9725274725274724
1.0,0.5454545454545454,0.6425230391477221,0.5019960159204453,0.3162277660168379,0.5454545454545454,0.7428571428571429
1.0,0.8,0.8387806446076785,0.6573757351339166,0.5883484054145522,0.8,0.75
1.0,0.3571428571428571,0.4926827767038959,0.3182344232608223,0.0,0.3571428571428571,0.7023809523809523
1.0,0.5,0.6248248773984021,0.5143968424677684,0.4670993664969137,0.5,0.8190045248868778
1.0,0.2727272727272727,0.515151515151515,0.4285714285714285,0.0,0.2727272727272727,1.0
1.0,0.8,0.8352631532611042,0.8152105138049813,0.5303300858899107,0.8,0.9055555555555556
1.0,0.3636363636363636,0.5262956002192979,0.3919631571947541,0.0,0.3333333333333333,0.873015873015873
1.0,0.5263157894736842,0.6436472148670161,0.7347953490436016,0.2760262237369417,0.5263157894736842,0.9558823529411764
1.0,0.6,0.6732887370025998,0.5660715144663384,0.4020151261036848,0.5,0.8881118881118881
0.0,0.5,0.6511541964151975,0.6067489204290133,0.3535533905932737,0.5,0.9363636363636364
0.0,0.0967741935483871,0.3848065627342346,0.1357463610980676,0.0,0.0967741935483871,0.9814241486068112
1.0,0.5294117647058824,0.6100683492426673,0.4567193805747601,0.1849000654084097,0.4444444444444444,0.806060606060606
0.0,0.5555555555555556,0.6590455049651833,0.5412658773652742,0.253546276418555,0.5555555555555556,0.7916666666666666
1.0,0.8666666666666667,0.8492053343059766,0.7447594690010102,0.7526178090063818,0.75,0.8769230769230769
0.0,0.5,0.5992413450724885,0.4351222010277085,0.5962847939999439,0.5,0.6883116883116883
1.0,0.6666666666666666,0.7469395154354544,0.6741318724942511,0.6139406135149205,0.6666666666666666,0.8166666666666667
0.0,0.5454545454545454,0.6727783748040195,0.5512873016488229,0.4537426064865151,0.5454545454545454,0.881578947368421
1.0,0.391304347826087,0.573981710759966,0.4972957605676187,0.1432229748078866,0.391304347826087,0.9294117647058824
1.0,0.4705882352941176,0.6339817978062529,0.5912424140495526,0.0953462589245592,0.4705882352941176,0.9487179487179488
1.0,0.6363636363636364,0.7575757575757575,0.7777777777777778,0.0,0.6363636363636364,1.0
0.0,0.7142857142857143,0.7579085610999817,0.603681610520369,0.7144345083117603,0.7142857142857143,0.7142857142857143
1.0,0.9166666666666666,0.930253480363224,0.8776415154433099,0.4216370213557839,0.9166666666666666,0.9166666666666666
0.0,0.3846153846153846,0.5545526534102284,0.447213595499958,0.1443375672974064,0.3846153846153846,0.875
1.0,0.4285714285714285,0.5578798126901944,0.4082482904638629,0.1290994448735805,0.4285714285714285,0.75
1.0,0.391304347826087,0.5365929625068949,0.3918174593061369,0.2193817272381391,0.391304347826087,0.7813765182186234
1.0,0.6428571428571429,0.7209241016737717,0.6071940133664049,0.5330017908890261,0.6428571428571429,0.7923076923076923
1.0,0.6666666666666666,0.7367455936068971,0.6629629343049538,0.3131121455425747,0.5909090909090909,0.9195046439628484
1.0,0.5555555555555556,0.6590455049651833,0.5412658773652742,0.2041241452319315,0.5555555555555556,0.7916666666666666
1.0,0.6842105263157895,0.7318637481666966,0.5659585523310865,0.5118906968889915,0.6842105263157895,0.6842105263157895
0.0,0.3888888888888889,0.5719906550703066,0.4948716593053935,0.273861278752583,0.3888888888888889,0.9166666666666666
1.0,0.5384615384615384,0.6604857035521227,0.5756125669211851,0.2519763153394848,0.5384615384615384,0.8585858585858586
1.0,0.6,0.7131121455425747,0.6630610140901583,0.4296689244236597,0.6,0.9058823529411764
0.0,0.5333333333333333,0.6427534803632239,0.5584991461911972,0.0,0.4375,0.946969696969697
0.0,0.2727272727272727,0.4570591230997718,0.3578132236660671,0.0,0.2727272727272727,0.8504273504273505
1.0,0.8,0.8435859473303449,0.7471917120428027,0.669438681395203,0.8,0.8588235294117648
1.0,0.5555555555555556,0.6590455049651833,0.5412658773652742,0.0,0.5555555555555556,0.7916666666666666
0.0,0.5555555555555556,0.6500858342631283,0.5769131442788131,0.4029114820126901,0.5555555555555556,0.8557692307692307
1.0,0.5833333333333334,0.7051166549057268,0.6640783086353597,0.1336306209562121,0.5833333333333334,0.9222222222222222
1.0,0.8571428571428571,0.9047619047619048,0.9230769230769232,0.5454545454545454,0.8571428571428571,1.0
1.0,0.4,0.5553418012614796,0.4330127018922193,0.0,0.4,0.8333333333333334
0.0,0.65,0.7376236430584256,0.6592956710710334,0.2080125735844609,0.65,0.8555555555555555
1.0,0.5333333333333333,0.6669551332201648,0.5928568882460828,0.0,0.5333333333333333,0.8881118881118881
1.0,0.7058823529411765,0.792618829653883,0.7728734264634368,0.5604485383178051,0.7058823529411765,0.942857142857143
0.0,0.3,0.4635231383473649,0.2964635306407855,0.0,0.3,0.775
1.0,0.7368421052631579,0.8146089035572159,0.7989408824726263,0.6900655593423543,0.7368421052631579,0.9485294117647058
1.0,0.5,0.6451381155644951,0.5846339666834284,0.3651483716701107,0.5,0.9107142857142856
0.0,0.3636363636363636,0.5145897694001511,0.3628873693012115,0.1889822365046136,0.3636363636363636,0.7777777777777778
1.0,0.6470588235294118,0.695499285189384,0.6187184335382291,0.5400617248673217,0.5555555555555556,0.9107142857142856
1.0,0.7272727272727273,0.8010762508653227,0.758946638440411,0.4008918628686365,0.7272727272727273,0.9111111111111112
0.0,0.6428571428571429,0.7209241016737717,0.6071940133664049,0.7462025072446364,0.6428571428571429,0.7923076923076923
0.0,0.56,0.6982264781602988,0.6822756041366274,0.5716619504750294,0.56,0.963157894736842
1.0,0.6,0.720618886876561,0.6809176411426013,0.3340765523905304,0.6190476190476191,0.9097222222222222
1.0,0.4,0.5553418012614796,0.4330127018922194,0.4082482904638631,0.4,0.8333333333333334
1.0,0.4583333333333333,0.6072379500699906,0.5831876948694559,0.1212678125181664,0.44,0.9678362573099416
0.0,0.2307692307692307,0.412045043593315,0.232379000772445,0.0,0.2307692307692307,0.8
1.0,0.6363636363636364,0.7575757575757575,0.7777777777777778,0.7142857142857142,0.6363636363636364,1.0
1.0,0.6,0.6999395437162358,0.5780059766913392,0.5883484054145522,0.6190476190476191,0.7833333333333333
0.0,0.2631578947368421,0.4336374862383891,0.2581988897471611,0.2096569673443836,0.2631578947368421,0.7777777777777777
0.0,0.3888888888888889,0.5547276794018986,0.4432026302139591,0.1924500897298752,0.3888888888888889,0.8636363636363636
1.0,0.3809523809523809,0.5759988483280193,0.5152489509756245,0.1601281538050871,0.3809523809523809,0.961904761904762
1.0,0.6111111111111112,0.6768375330292328,0.5837652721806216,0.5276448530110863,0.6111111111111112,0.7435897435897435
0.0,0.375,0.5273500981126146,0.3840232127713124,0.3418817293789138,0.375,0.7948717948717949
0.0,0.3529411764705882,0.5276467907494019,0.4047960089109366,0.4264014327112208,0.3529411764705882,0.8615384615384616
1.0,0.2857142857142857,0.4886185874761624,0.3577708763999664,0.0877058019307029,0.2857142857142857,0.9
1.0,0.3333333333333333,0.5161945901182877,0.3919631571947541,0.3380617018914065,0.3333333333333333,0.873015873015873
0.0,0.4666666666666667,0.6444444444444445,0.6363636363636364,0.3333333333333333,0.4666666666666667,1.0
1.0,0.5555555555555556,0.6590455049651833,0.5412658773652742,0.2041241452319315,0.5555555555555556,0.7916666666666666
1.0,0.55,0.6894152788506182,0.6656690126293997,0.4447495899966607,0.55,0.9541666666666668
0.0,0.3333333333333333,0.4943877491981308,0.3402069087198858,0.1290994448735805,0.3333333333333333,0.7916666666666667
0.0,0.4375,0.6108090359187794,0.5584991461911972,0.1054092553389459,0.4375,0.946969696969697
0.0,0.5833333333333334,0.6731565106963694,0.5426927325415538,0.2721655269759087,0.5833333333333334,0.7613636363636364
0.0,0.3333333333333333,0.5237335667999858,0.4111518335151322,0.1259881576697424,0.3333333333333333,0.898989898989899
0.0,0.4444444444444444,0.5971866075791096,0.6178710135433172,0.2760262237369417,0.4444444444444444,0.9632352941176472
1.0,0.8421052631578947,0.8672911539326789,0.7727687877745237,0.6482037235521644,0.8421052631578947,0.8421052631578947
1.0,0.875,0.8951381155644951,0.8184875533567997,0.7715167498104596,0.875,0.875
1.0,0.3333333333333333,0.5161945901182877,0.3919631571947541,0.3380617018914065,0.3333333333333333,0.873015873015873
1.0,0.6,0.7333333333333333,0.7499999999999999,0.1666666666666666,0.6,1.0
1.0,0.5,0.6666666666666666,0.6666666666666666,0.1428571428571428,0.5,1.0
1.0,0.6,0.7131121455425747,0.6630610140901583,0.4296689244236597,0.6,0.9058823529411764
0.0,0.2857142857142857,0.4831608939786722,0.4447287053219528,0.0559016994374947,0.2857142857142857,0.9090909090909092
1.0,0.625,0.7252733665908506,0.6613000712661082,0.6390096504226938,0.625,0.8809523809523809
0.0,0.4230769230769231,0.5572922233328722,0.4128614119223852,0.3100868364730211,0.4230769230769231,0.7666666666666667
1.0,0.7619047619047619,0.8323793501980329,0.8196450751870107,0.6063390625908325,0.7619047619047619,0.953216374269006
1.0,0.625,0.7165784702808123,0.6475604341011313,0.3892494720807615,0.625,0.7828054298642534
0.0,0.28,0.494586810234467,0.3849001794597504,0.2080125735844609,0.28,0.9222222222222224
0.0,0.3076923076923077,0.5193978856555596,0.4190262407031392,0.0,0.3076923076923077,0.9444444444444444
0.0,0.2352941176470588,0.4183509252822845,0.2413737047854572,0.0,0.2352941176470588,0.8076923076923077
1.0,0.4166666666666667,0.5566644532891364,0.4183300132670377,0.1581138830084189,0.4166666666666667,0.7857142857142857
1.0,0.4545454545454545,0.6079166766169855,0.5918382546094423,0.2760262237369417,0.4545454545454545,0.9632352941176472
1.0,0.4444444444444444,0.5817459091555214,0.4567193805747601,0.0924500327042048,0.4444444444444444,0.806060606060606
0.0,0.4166666666666667,0.603173464505762,0.5634166057234542,0.1936491673103708,0.4166666666666667,0.9673202614379084
1.0,0.3846153846153846,0.5223182681494116,0.3626018341897571,0.1490711984999859,0.3846153846153846,0.7402597402597402
1.0,0.4166666666666667,0.5920474583051322,0.523782800878924,0.3086066999241838,0.4166666666666667,0.9305555555555556
1.0,0.7142857142857143,0.7579085610999817,0.603681610520369,0.7745966692414834,0.7142857142857143,0.7142857142857143
0.0,0.3571428571428571,0.5108225108225108,0.4462809917355372,0.1259881576697424,0.3571428571428571,0.898989898989899
1.0,0.2857142857142857,0.4886185874761624,0.3577708763999663,0.1443375672974064,0.2857142857142857,0.9
1.0,0.6875,0.7795413705531439,0.7571332305895535,0.4351941398892446,0.6875,0.9395604395604396
1.0,0.625,0.7402417811313837,0.7082332862518551,0.0,0.625,0.945054945054945
1.0,0.5384615384615384,0.6091594756231967,0.6350852961085883,0.1924500897298752,0.5384615384615384,0.8246753246753247
1.0,0.2631578947368421,0.4820606668271612,0.3537946965414615,0.1005037815259212,0.2631578947368421,0.93006993006993
1.0,0.8421052631578947,0.8853452807077798,0.8638447251622667,0.6454972243679028,0.8421052631578947,0.9477124183006536
1.0,0.6521739130434783,0.7460489605782129,0.6740203709938156,0.401477534273483,0.6521739130434783,0.8809523809523809
1.0,0.6428571428571429,0.7477137978235414,0.7180703308172536,0.5270462766947299,0.6428571428571429,0.9318181818181818
1.0,0.3,0.5086066999241838,0.3967800427596649,0.0,0.3,0.9285714285714286
1.0,0.4444444444444444,0.5598194346436612,0.3952847075210474,0.0,0.4444444444444444,0.7
0.0,0.6923076923076923,0.6985955193580358,0.51203095036175,0.5698028822981898,0.5714285714285714,0.7264957264957266
1.0,0.7647058823529411,0.8431372549019608,0.8666666666666666,0.6923076923076924,0.7647058823529411,1.0
0.0,0.2,0.4228663454051264,0.2863513306204546,0.0,0.2,0.9523809523809524
0.0,0.2307692307692307,0.4871794871794871,0.3749999999999999,0.0,0.2307692307692307,1.0
1.0,0.4375,0.5921292729553325,0.5447948355783501,0.2886751345948128,0.4375,0.8441558441558441
1.0,0.3333333333333333,0.5161945901182877,0.3919631571947541,0.0,0.3333333333333333,0.873015873015873
1.0,0.6428571428571429,0.6619514425760968,0.560112033611204,0.392232270276368,0.6428571428571429,0.6666666666666666
1.0,0.4285714285714285,0.5578798126901945,0.408248290463863,0.1581138830084189,0.4285714285714285,0.75
1.0,0.25,0.5,0.3999999999999999,0.0,0.25,1.0
1.0,0.6,0.7131121455425747,0.6630610140901583,0.5728918992315464,0.6,0.9058823529411764
1.0,0.6818181818181818,0.77459836022491,0.7502538892875549,0.6676978608895885,0.6818181818181818,0.9197994987468672
1.0,0.4444444444444444,0.6211894411232617,0.5848076606885377,0.3429971702850177,0.4444444444444444,0.968421052631579
0.0,0.4736842105263157,0.60937981105124,0.5168413230732081,0.3768891807222045,0.4736842105263157,0.7863247863247863
1.0,0.6363636363636364,0.7449925737922163,0.7661346429246462,0.4451319072597257,0.6363636363636364,0.9197994987468672
1.0,0.55,0.6825860681381825,0.62719292939198,0.5012804118276031,0.55,0.9137254901960784
1.0,0.5,0.5952247337727954,0.3535533905932737,0.101015254455221,0.5,0.6111111111111112
1.0,0.7894736842105263,0.8405854700010386,0.7856742013183862,0.5345224838248488,0.7894736842105263,0.8958333333333334
1.0,0.4375,0.6108090359187794,0.5584991461911972,0.1054092553389459,0.4375,0.946969696969697
1.0,0.3076923076923077,0.4840148806395636,0.3346640106136302,0.0,0.3076923076923077,0.8285714285714286
0.0,0.4285714285714285,0.6190476190476191,0.5999999999999999,0.4999999999999999,0.4285714285714285,1.0
1.0,0.5555555555555556,0.7037037037037036,0.7142857142857142,0.0,0.5555555555555556,1.0
1.0,0.56,0.674920634920635,0.6462585034013606,0.4451319072597257,0.56,0.9298245614035088
1.0,0.4210526315789473,0.6019097916057755,0.5506423495196753,0.1740776559556978,0.4210526315789473,0.956043956043956
0.0,0.2307692307692307,0.4478185217422195,0.2939723678960656,0.1690308509457032,0.2307692307692307,0.9047619047619048
1.0,0.75,0.82394177193585,0.8098544298396251,0.5163977794943222,0.75,0.9509803921568628
1.0,0.2666666666666666,0.4859445534584606,0.3025637433955795,0.0,0.2666666666666666,0.9191919191919192
0.0,0.7857142857142857,0.8192779439521631,0.6964612760505072,0.5773502691896257,0.7857142857142857,0.7857142857142857
1.0,0.4666666666666667,0.6154014208362035,0.5325080420189114,0.1118033988749894,0.4666666666666667,0.8833333333333334
1.0,0.75,0.8333333333333334,0.857142857142857,0.5999999999999999,0.75,1.0
1.0,0.6666666666666666,0.7777777777777777,0.7999999999999999,0.3846153846153847,0.6666666666666666,1.0
1.0,0.5185185185185185,0.6709790366618567,0.6506000486323554,0.3785166493051126,0.5185185185185185,0.9666666666666668
1.0,0.3529411764705882,0.5544364868991717,0.478713553878169,0.0,0.3529411764705882,0.9545454545454546
0.0,0.2631578947368421,0.4571566814007335,0.3018408052601845,0.1020620726159657,0.2631578947368421,0.8571428571428572
0.0,0.2,0.4314757303333053,0.2683281572999748,0.0,0.2,0.925
1.0,0.3636363636363636,0.5339157864893113,0.4115174739742147,0.0,0.3636363636363636,0.8552036199095022
1.0,0.5882352941176471,0.6761611518218508,0.5439189286336025,0.161164592805076,0.5882352941176471,0.8557692307692307
1.0,0.5454545454545454,0.609819345595029,0.4028448795687253,0.1666666666666666,0.5454545454545454,0.5454545454545454
1.0,0.4736842105263157,0.6044646082790234,0.4871392896287467,0.3380617018914066,0.4736842105263157,0.8125
1.0,0.4736842105263157,0.6491228070175438,0.6428571428571429,0.1666666666666666,0.4736842105263157,1.0
1.0,0.2,0.3992413450724885,0.2175611005138542,0.0,0.2,0.8441558441558441
1.0,0.6666666666666666,0.7683862163802945,0.7558641345169833,0.5809475019311126,0.6666666666666666,0.954248366013072
1.0,0.3571428571428571,0.5223628599027187,0.3876376661011099,0.2721655269759087,0.3571428571428571,0.8295454545454546
1.0,0.3846153846153846,0.5545526534102284,0.447213595499958,0.0,0.3846153846153846,0.875
1.0,0.5294117647058824,0.6383907893298133,0.5138093031466051,0.6471502289294341,0.5294117647058824,0.7818181818181817
0.0,0.4615384615384615,0.5919599294997883,0.4651651993213319,0.2721655269759087,0.4615384615384615,0.7954545454545454
1.0,0.2857142857142857,0.504390161007803,0.4080881616910963,0.0,0.2857142857142857,0.9384615384615383
1.0,0.4705882352941176,0.609193910338718,0.5065172916730961,0.2886751345948128,0.4705882352941176,0.8441558441558441
1.0,0.6,0.6646272970577263,0.5525508450751319,0.2148344622118298,0.4545454545454545,0.9215686274509804
1.0,0.4166666666666667,0.5566644532891364,0.4183300132670377,0.0,0.4166666666666667,0.7857142857142857
1.0,0.75,0.8178208630818641,0.7801057548373027,0.5892556509887895,0.75,0.9181818181818182
1.0,0.6428571428571429,0.6954575102695609,0.5816548041347118,0.0953462589245592,0.5333333333333333,0.9487179487179488
0.0,0.55,0.6894152788506182,0.6656690126293997,0.2223747949983303,0.55,0.9541666666666668
0.0,0.5,0.6150514182428388,0.4829452884162951,0.0,0.5,0.7714285714285714
1.0,0.6111111111111112,0.6796049064835975,0.5633673867912484,0.241746889207614,0.5263157894736842,0.8557692307692307
1.0,0.3333333333333333,0.5185917052051469,0.549024467225868,0.2858309752375147,0.3333333333333333,0.9736842105263158
1.0,0.3181818181818182,0.5170075857078945,0.5359330785703401,0.4447495899966607,0.3181818181818182,0.9666666666666668
0.0,0.5263157894736842,0.6280429195410165,0.6521546507260245,0.5547001962252291,0.5263157894736842,0.8666666666666666
1.0,0.5714285714285714,0.7142857142857143,0.7272727272727273,0.6666666666666666,0.5714285714285714,1.0
1.0,0.5,0.6451381155644952,0.5846339666834284,0.3086066999241839,0.5,0.9107142857142856
0.0,0.5555555555555556,0.6575838493221468,0.492365963917331,0.0,0.5555555555555556,0.7222222222222222
1.0,0.2727272727272727,0.515151515151515,0.4285714285714285,0.0,0.2727272727272727,1.0
1.0,0.8333333333333334,0.8549376352290552,0.6280742930213277,0.3198010745334156,0.8333333333333334,0.7692307692307693
1.0,0.7368421052631579,0.787524366471735,0.6913580246913581,0.6013377943029549,0.7368421052631579,0.9027777777777778
1.0,0.5789473684210527,0.7192982456140351,0.7333333333333333,0.4615384615384616,0.5789473684210527,1.0
1.0,0.625,0.75,0.7692307692307694,0.3636363636363636,0.625,1.0
1.0,0.5384615384615384,0.6742536796884623,0.6085806194501846,0.3354101966249684,0.5714285714285714,0.8666666666666666
0.0,0.2608695652173913,0.4870251890208356,0.4383570037596046,0.0,0.2608695652173913,1.0
1.0,0.6153846153846154,0.7280772733382744,0.6934273376331581,0.7071067811865475,0.6153846153846154,0.9272727272727272
0.0,0.3846153846153846,0.5897435897435898,0.5555555555555556,0.0,0.3846153846153846,1.0
1.0,0.625,0.75,0.7692307692307694,0.5454545454545454,0.625,1.0
0.0,0.2307692307692307,0.4669582993887286,0.3315305070450791,0.1432229748078866,0.2307692307692307,0.9529411764705882
1.0,0.5333333333333333,0.6322178110352951,0.6172133998483678,0.2999999999999999,0.4375,1.0
1.0,0.4,0.5331195790392574,0.3788861141556919,0.0845154254728516,0.3333333333333333,0.8541666666666666
0.0,0.4166666666666667,0.5239607597364433,0.3357040663072711,0.5,0.4166666666666667,0.6212121212121211
1.0,0.4285714285714285,0.6190476190476191,0.5999999999999999,0.0,0.4285714285714285,1.0
0.0,0.631578947368421,0.6587661205358158,0.4601007135068047,0.7669649888473704,0.55,0.662280701754386
1.0,0.4444444444444444,0.6049029962204802,0.5290400570128866,0.273861278752583,0.4444444444444444,0.9047619047619048
1.0,0.6666666666666666,0.7347323018367113,0.5500190982169267,0.4576043153224295,0.6666666666666666,0.7833333333333333
0.0,0.6,0.6909571869813232,0.5346338310781813,0.2721655269759087,0.6,0.7428571428571429
1.0,0.65,0.719465025092984,0.5873229462434933,0.4900980294098034,0.65,0.7556390977443609
0.0,0.3333333333333333,0.5138281439821243,0.386761538334186,0.140028008402801,0.3333333333333333,0.849624060150376
1.0,0.6470588235294118,0.7260003745140026,0.7218381724612674,0.6943650748294137,0.6470588235294118,0.8928571428571429
1.0,0.5555555555555556,0.6604997969632002,0.734994547368502,0.6013377943029549,0.5555555555555556,0.9097222222222222
1.0,0.5333333333333333,0.6479082286578987,0.5397280118812489,0.5330017908890261,0.5333333333333333,0.8153846153846154
0.0,0.4117647058823529,0.5562278888310742,0.4225771273642583,0.5103103630798287,0.4117647058823529,0.8
1.0,0.7857142857142857,0.8192779439521631,0.6964612760505072,0.8660254037844386,0.7857142857142857,0.7857142857142857
1.0,0.6,0.6939723678960656,0.5879447357921312,0.5070925528371099,0.6,0.8095238095238095
1.0,0.6153846153846154,0.6717445904406557,0.4827474095709145,0.3692744729379982,0.6153846153846154,0.6153846153846154
1.0,0.5,0.6150514182428389,0.4829452884162951,0.5103103630798287,0.5,0.7714285714285714
1.0,0.5238095238095238,0.6408122709662513,0.5156820511122481,0.0700140042014005,0.5238095238095238,0.793233082706767
0.0,0.7647058823529411,0.7806309653308815,0.67970685346029,0.5656854249492381,0.7647058823529411,0.7946859903381642
1.0,0.7272727272727273,0.8010762508653227,0.758946638440411,0.6681531047810609,0.7272727272727273,0.9111111111111112
1.0,0.6666666666666666,0.7353343677647969,0.6630610140901583,0.5012804118276031,0.6,0.9058823529411764
1.0,0.9230769230769232,0.8838667501244242,0.7071067811865476,0.9166666666666669,0.7857142857142857,1.0
1.0,0.7142857142857143,0.7914922438327819,0.7467673444159872,0.4383570037596046,0.7142857142857143,0.9071207430340558
1.0,0.6153846153846154,0.6632864158599405,0.5691846718430337,0.4020151261036848,0.5,0.8881118881118881
0.0,0.2727272727272727,0.515151515151515,0.4285714285714285,0.0,0.2727272727272727,1.0
0.0,0.4117647058823529,0.5811318742575019,0.4953125751580461,0.2010075630518424,0.4117647058823529,0.902097902097902
1.0,0.4666666666666667,0.6154014208362035,0.5325080420189114,0.3354101966249684,0.4666666666666667,0.8833333333333334
1.0,0.2666666666666666,0.4620453995852583,0.3101101328808879,0.0,0.2666666666666666,0.8636363636363636
1.0,0.7272727272727273,0.8010762508653227,0.758946638440411,0.1336306209562121,0.7272727272727273,0.9111111111111112
0.0,0.1739130434782608,0.404830917874396,0.231111111111111,0.0,0.1739130434782608,0.9589743589743588
1.0,0.4666666666666667,0.5884612092237257,0.4480270815665312,0.1139605764596379,0.4666666666666667,0.7606837606837606
1.0,0.5384615384615384,0.6559312944326082,0.5345224838248488,0.2390457218668787,0.5384615384615384,0.8055555555555556
1.0,0.8,0.8545413705531439,0.8259635242795128,0.6092717958449424,0.8,0.934065934065934
1.0,0.75,0.788675134594813,0.649519052838329,0.4082482904638631,0.75,0.75
0.0,0.4545454545454545,0.5692907159153989,0.4183300132670377,0.0,0.4166666666666667,0.7857142857142857
1.0,0.5625,0.6646190527082135,0.5912424140495526,0.4767312946227962,0.4705882352941176,0.9487179487179488
1.0,0.6666666666666666,0.6993412749304357,0.5912424140495526,0.2860387767736776,0.4705882352941176,0.9487179487179488
1.0,0.6666666666666666,0.7697444687606221,0.7858563745322399,0.4850712500726659,0.6666666666666666,0.956140350877193
1.0,0.8666666666666667,0.8880942231948653,0.8068227580844277,0.9198662110078,0.8666666666666667,0.8666666666666667
0.0,0.3478260869565217,0.5156593221987396,0.3736703818124242,0.2981423969999719,0.2916666666666667,0.9117647058823528
1.0,0.5,0.6150514182428388,0.4829452884162951,0.0,0.5,0.7714285714285714
1.0,0.2857142857142857,0.4721942753856958,0.3219635256108634,0.3181423814878888,0.2857142857142857,0.8476190476190476
1.0,0.7647058823529411,0.8216087037997891,0.7600241566884569,0.3857583749052298,0.7647058823529411,0.8839285714285714
1.0,0.3636363636363636,0.5542290246554042,0.4677071733467426,0.1825741858350553,0.3636363636363636,0.9285714285714286
1.0,0.7894736842105263,0.8199061268407136,0.6605782590758162,0.8498365855987976,0.7894736842105263,0.75
1.0,0.6875,0.7464531352590263,0.6883029368995941,0.0870388279778489,0.5882352941176471,0.945054945054945
1.0,0.6363636363636364,0.7223848212423962,0.6260990336999411,0.3779644730092272,0.6363636363636364,0.825
1.0,0.2,0.4150514182428388,0.2414726442081475,0.0,0.2,0.8857142857142857
1.0,0.6666666666666666,0.7562492266756061,0.7015607600201139,0.3651483716701107,0.6666666666666666,0.8928571428571429
0.0,0.4090909090909091,0.5886466741987887,0.5226607744933167,0.2148344622118298,0.4090909090909091,0.9294117647058824
1.0,0.7333333333333333,0.8222222222222223,0.8461538461538463,0.4545454545454545,0.7333333333333333,1.0
1.0,0.5,0.6451381155644952,0.5846339666834284,0.1543033499620919,0.5,0.9107142857142856
0.0,0.5555555555555556,0.6385035925503183,0.4731762744352022,0.3442651863295481,0.5555555555555556,0.679144385026738
0.0,0.5,0.5948215135175787,0.4224039833745501,0.492365963917331,0.5,0.6634615384615384
0.0,0.3076923076923077,0.5193978856555596,0.4190262407031392,0.0,0.3076923076923077,0.9444444444444444
1.0,0.3846153846153846,0.5545526534102284,0.447213595499958,0.2886751345948129,0.3846153846153846,0.875
1.0,0.3928571428571428,0.5867979067317273,0.536073688964493,0.1714985851425088,0.3928571428571428,0.9710526315789474
0.0,0.3888888888888889,0.5547276794018986,0.4432026302139591,0.2886751345948128,0.3888888888888889,0.8636363636363636
1.0,0.75,0.817553674414978,0.7576719249199472,0.6888467201936644,0.75,0.9071207430340558
1.0,0.5625,0.6704684201426394,0.5698319531322331,0.3849001794597505,0.5625,0.8246753246753247
1.0,0.375,0.5349997319258725,0.4047960089109366,0.1066003581778052,0.3529411764705882,0.8615384615384616
1.0,0.4761904761904761,0.6199553884513276,0.5338148311606059,0.223606797749979,0.4761904761904761,0.8739495798319328
1.0,0.3333333333333333,0.5555555555555555,0.4999999999999999,0.0,0.3333333333333333,1.0
1.0,0.6,0.7117273515394021,0.560112033611204,0.4385290096535146,0.625,0.8333333333333333
0.0,0.1666666666666666,0.3740479903599829,0.3718678720805473,0.0,0.1666666666666666,0.8787878787878788
0.0,0.217391304347826,0.4266456211413896,0.3944053188733077,0.0,0.217391304347826,1.0
0.0,0.7222222222222222,0.7647603433477473,0.6137708673769093,0.6784005252999682,0.7222222222222222,0.7222222222222222
1.0,0.75,0.8317102807264342,0.8652980646810329,0.5604485383178051,0.7692307692307693,0.938095238095238
1.0,0.4666666666666667,0.6444444444444445,0.6363636363636364,0.3333333333333333,0.4666666666666667,1.0
0.0,0.16,0.4286972610264319,0.2576244754878122,0.0,0.16,0.980952380952381
1.0,0.7142857142857143,0.7579085610999817,0.603681610520369,0.6123724356957945,0.7142857142857143,0.7142857142857143
1.0,0.5416666666666666,0.6157964968371457,0.4503942675516929,0.1860521018838127,0.48,0.7454545454545454
1.0,0.4545454545454545,0.6161424485728778,0.5525508450751319,0.3580574370197164,0.4545454545454545,0.9215686274509804
1.0,0.5238095238095238,0.6623184947489239,0.6078059295826451,0.4296689244236597,0.5238095238095238,0.9137254901960784
0.0,0.4375,0.5840193397690098,0.4722620103960926,0.2132007163556104,0.4375,0.8384615384615385
1.0,0.7058823529411765,0.792618829653883,0.7728734264634368,0.4803844614152615,0.7058823529411765,0.942857142857143
1.0,0.5,0.6314757303333053,0.5366563145999496,0.2886751345948129,0.5,0.85
1.0,0.8,0.8545413705531439,0.8259635242795128,0.6092717958449424,0.8,0.934065934065934
1.0,0.65,0.7511541964151974,0.7627700713964737,0.375,0.65,1.0
0.0,0.1818181818181818,0.4202405302604747,0.2563100648985887,0.0,0.1818181818181818,0.978021978021978
1.0,0.625,0.7021162795258918,0.5708992257184502,0.4622501635210243,0.625,0.7575757575757576
0.0,0.2962962962962963,0.5034185093582798,0.3863843938872618,0.1944611170656493,0.2962962962962963,0.9210526315789472
1.0,0.6470588235294118,0.7326045870579625,0.7229568912920512,0.4003203845127179,0.6470588235294118,0.9476190476190476
1.0,0.6842105263157895,0.7894736842105262,0.8125,0.7142857142857143,0.6842105263157895,1.0
1.0,0.3666666666666666,0.5393283567542387,0.4230943089662267,0.0545544725589981,0.3666666666666666,0.8671497584541062
0.0,0.5882352941176471,0.6685422619413814,0.5182226234930312,0.1781741612749496,0.5882352941176471,0.7159090909090909
1.0,0.2941176470588235,0.5294117647058824,0.4545454545454545,0.1111111111111111,0.2941176470588235,1.0
1.0,0.625,0.7252733665908506,0.6613000712661082,0.6390096504226938,0.625,0.8809523809523809
1.0,0.6470588235294118,0.7416889944366954,0.6826961799175927,0.6689936080056726,0.6470588235294118,0.8871794871794871
0.0,0.3846153846153846,0.5424490331839341,0.5148697981926198,0.2672612419124243,0.3846153846153846,0.9444444444444444
1.0,0.9,0.916227766016838,0.8538149682454624,0.6681531047810609,0.9,0.9
1.0,0.625,0.7021162795258918,0.5708992257184502,0.5547001962252291,0.625,0.7575757575757576
0.0,0.44,0.6190848499199718,0.536001110394635,0.1819017187772497,0.44,0.9678362573099416
1.0,0.4615384615384615,0.6239200737091456,0.5692099788303083,0.4008918628686365,0.4615384615384615,0.9333333333333332
1.0,0.6875,0.7795413705531439,0.7571332305895535,0.2611164839335467,0.6875,0.9395604395604396
1.0,0.55,0.6894152788506182,0.6656690126293997,0.4447495899966607,0.55,0.9541666666666668
1.0,0.3333333333333333,0.5555555555555555,0.4999999999999999,0.3333333333333333,0.3333333333333333,1.0
0.0,0.5,0.5996835701099497,0.4677071733467426,0.0,0.3636363636363636,0.9285714285714286
0.0,0.6111111111111112,0.7043402967961038,0.5838848413189489,0.3892494720807615,0.6111111111111112,0.8009049773755657
1.0,0.8181818181818182,0.8787878787878789,0.8999999999999998,0.3749999999999999,0.8181818181818182,1.0
1.0,0.3333333333333333,0.5237335667999858,0.4111518335151322,0.3779644730092272,0.3333333333333333,0.898989898989899
1.0,0.625,0.7181372549019608,0.6923076923076924,0.4545454545454545,0.5294117647058824,1.0
1.0,0.2857142857142857,0.4886185874761624,0.3577708763999663,0.2886751345948129,0.2857142857142857,0.9
1.0,0.8125,0.8622261038360515,0.8176588542291554,0.7349684152591671,0.8125,0.8958333333333334
1.0,0.4166666666666667,0.5781534823708331,0.5823072869742563,0.3131121455425747,0.4166666666666667,0.9318885448916407
1.0,0.3076923076923077,0.5193978856555596,0.4190262407031392,0.3086066999241838,0.3076923076923077,0.9444444444444444
0.0,0.5555555555555556,0.7037037037037037,0.7142857142857143,0.6666666666666667,0.5555555555555556,1.0
0.0,0.4,0.5416526371281017,0.4124789556921526,0.0,0.4,0.9285714285714286
0.0,0.2222222222222222,0.4814814814814815,0.3636363636363636,0.1111111111111111,0.2222222222222222,1.0
0.0,0.3,0.5164461324579058,0.4129817621397564,0.2611164839335467,0.2857142857142857,0.9670329670329668
1.0,0.4,0.5536486773640928,0.3739856067007183,0.3265986323710904,0.4,0.803921568627451
1.0,0.6923076923076923,0.737606393807754,0.5969171602105657,0.6236095644623235,0.7142857142857143,0.6875
0.0,0.4285714285714285,0.582671221172535,0.4677071733467426,0.2390457218668787,0.4285714285714285,0.8333333333333334
1.0,0.5,0.6451381155644951,0.5846339666834284,0.0,0.5,0.9107142857142856
0.0,0.48,0.644442842261525,0.614733806390258,0.3031695312954162,0.48,0.9649122807017544
1.0,0.5,0.6220084679281462,0.5051814855409226,0.358568582800318,0.5,0.8055555555555556
1.0,0.4,0.5769831120837542,0.4965063126673402,0.1672484020014181,0.4,0.917948717948718
0.0,0.375,0.5019763153394848,0.3239695482936233,0.1178511301977579,0.375,0.6785714285714286
0.0,0.5263157894736842,0.6478100823711523,0.4865707010991241,0.2335496832484568,0.5263157894736842,0.8190045248868778
1.0,0.4375,0.6108090359187794,0.5584991461911972,0.2108185106778919,0.4375,0.946969696969697
1.0,0.5555555555555556,0.680686815787458,0.6206328908341752,0.2508726030021272,0.5555555555555556,0.8974358974358974
1.0,0.6923076923076923,0.7545787545787546,0.7272727272727273,0.4444444444444444,0.5714285714285714,1.0
0.0,0.3571428571428571,0.5223628599027187,0.3876376661011099,0.0,0.3571428571428571,0.8295454545454546
0.0,0.4736842105263157,0.6208590172324968,0.4780330793993237,0.4029114820126901,0.4736842105263157,0.8701923076923077
0.0,0.5454545454545454,0.677906044163718,0.6285393610547089,0.3086066999241838,0.5454545454545454,0.9166666666666666
1.0,0.5833333333333334,0.6731565106963694,0.5426927325415538,0.5443310539518174,0.5833333333333334,0.7613636363636364
1.0,0.5,0.6150514182428388,0.4829452884162951,0.0,0.5,0.7714285714285714
1.0,0.3076923076923077,0.5193978856555596,0.4190262407031392,0.1543033499620919,0.3076923076923077,0.9444444444444444
1.0,0.7142857142857143,0.8095238095238096,0.8333333333333335,0.75,0.7142857142857143,1.0
0.0,0.5384615384615384,0.594509849320231,0.4082482904638629,0.5163977794943223,0.4285714285714285,0.75
1.0,0.4210526315789473,0.5550188209852395,0.5930089527954905,0.372677996249965,0.4210526315789473,0.8739495798319328
1.0,0.4117647058823529,0.5974974006715382,0.5504167329230252,0.0953462589245592,0.4117647058823529,0.9551282051282052
0.0,0.4347826086956521,0.6095771740179494,0.6672461249826392,0.1764705882352941,0.4347826086956521,1.0
0.0,0.2666666666666666,0.4820680875028701,0.4564354645876384,0.1249999999999999,0.2666666666666666,1.0
1.0,0.6,0.6939723678960656,0.5879447357921312,0.0,0.6,0.8095238095238095
1.0,0.8260869565217391,0.8685455007630235,0.823444963439375,0.8432740427115678,0.8260869565217391,0.9136363636363636
0.0,0.238095238095238,0.463546254435857,0.2575393768188564,0.0,0.1818181818181818,0.978021978021978
1.0,0.4285714285714285,0.545870421175773,0.2908313132194378,0.0,0.4,0.7754010695187166
1.0,0.3636363636363636,0.5145897694001511,0.3628873693012115,0.3779644730092272,0.3636363636363636,0.7777777777777778
1.0,0.3571428571428571,0.5223628599027187,0.3876376661011099,0.1360827634879543,0.3571428571428571,0.8295454545454546
1.0,0.4285714285714285,0.5578798126901944,0.4082482904638629,0.1290994448735805,0.4285714285714285,0.75
1.0,0.75,0.788675134594813,0.649519052838329,0.8164965809277261,0.75,0.75
1.0,0.6,0.6939723678960656,0.5879447357921312,0.0,0.6,0.8095238095238095
1.0,0.35,0.4889883296157902,0.3158091130547995,0.0912870929175276,0.35,0.711764705882353
1.0,0.7,0.8047619047619049,0.8333333333333335,0.625,0.7142857142857143,1.0
1.0,0.5,0.6314757303333053,0.5366563145999496,0.0,0.5,0.85
1.0,0.8,0.8582264781602987,0.8656692345718486,0.8894991799933215,0.8,0.9416666666666668
1.0,0.3571428571428571,0.5223628599027187,0.3876376661011099,0.0,0.3571428571428571,0.8295454545454546
1.0,0.2727272727272727,0.4302701793181584,0.2484519974999766,0.0,0.2727272727272727,0.7333333333333334
1.0,0.625,0.6801898050140315,0.4941058844013092,0.7071067811865476,0.625,0.625
0.0,0.3636363636363636,0.5145897694001511,0.3628873693012115,0.0,0.3636363636363636,0.7777777777777778
1.0,0.9230769230769232,0.9356409229947896,0.8868636210743289,0.4767312946227962,0.9230769230769232,0.9230769230769232
1.0,0.4285714285714285,0.5872256302920493,0.4933822002181587,0.2519763153394848,0.4285714285714285,0.8787878787878788
1.0,0.5,0.6150514182428389,0.4829452884162951,0.1020620726159657,0.5,0.7714285714285714
0.0,0.3636363636363636,0.4767109815213632,0.2721655269759087,0.1889822365046136,0.25,0.8333333333333333
0.0,0.6666666666666666,0.7166099714203531,0.5443310539518172,0.7844645405527361,0.6666666666666666,0.6666666666666666
0.0,0.3636363636363636,0.5542290246554042,0.4677071733467426,0.3651483716701107,0.3636363636363636,0.9285714285714286
0.0,0.3333333333333333,0.5161945901182877,0.3919631571947541,0.1690308509457032,0.3333333333333333,0.873015873015873
0.0,0.4,0.5575757575757575,0.4285714285714285,0.0,0.2727272727272727,1.0
0.0,0.5333333333333333,0.6746979248076683,0.6382847385042254,0.6324555320336759,0.5333333333333333,0.9393939393939392
1.0,0.36,0.5542696805273545,0.4714045207910317,0.1336306209562122,0.36,0.9375
0.0,0.5,0.6666666666666666,0.6666666666666667,0.5,0.5,1.0
1.0,0.75,0.8103164454170875,0.7447594690010102,0.4181210050035454,0.75,0.8769230769230769
1.0,0.5714285714285714,0.6852426906774735,0.6085806194501846,0.2236067977499789,0.5714285714285714,0.8666666666666666
1.0,0.65,0.7567141667151106,0.7418736765817244,0.6210590034081188,0.65,0.9522058823529412
1.0,0.3043478260869565,0.496587390926814,0.350780380010057,0.1543033499620919,0.25,0.9464285714285714
0.0,0.7058823529411765,0.7675211246828139,0.6325419114288613,0.3113995776646092,0.7058823529411765,0.7828054298642534
1.0,0.85,0.861959855942766,0.7992898356345546,0.6882472016116852,0.85,0.8571428571428571
1.0,0.6428571428571429,0.7477137978235414,0.7180703308172536,0.6324555320336759,0.6428571428571429,0.9318181818181818
1.0,0.7894736842105263,0.8266914940667395,0.8062716281182011,0.5636018619766345,0.7894736842105263,0.9009287925696594
1.0,0.7692307692307693,0.824220090485122,0.7246028634118791,0.6030226891555273,0.7692307692307693,0.8601398601398602
1.0,0.4285714285714285,0.5578798126901944,0.4082482904638629,0.3872983346207417,0.4285714285714285,0.75
1.0,0.4545454545454545,0.6152832674571805,0.5625,0.0714285714285714,0.391304347826087,1.0
1.0,0.8,0.8666666666666667,0.8888888888888888,0.1428571428571428,0.8,1.0
1.0,0.8125,0.8421292729553325,0.7323776028286229,0.4834937784152281,0.8125,0.8125
1.0,0.5454545454545454,0.677906044163718,0.6285393610547089,0.1543033499620919,0.5454545454545454,0.9166666666666666
1.0,0.75,0.8178208630818641,0.7801057548373027,0.7071067811865475,0.75,0.9181818181818182
1.0,0.7272727272727273,0.8010762508653227,0.758946638440411,0.1336306209562121,0.7272727272727273,0.9111111111111112
1.0,0.5833333333333334,0.7051166549057268,0.6640783086353597,0.2672612419124243,0.5833333333333334,0.9222222222222222
1.0,0.25,0.486922974276841,0.3695265087809704,0.0,0.25,0.967948717948718
0.0,0.3125,0.4619619700842274,0.3320229426557158,0.0,0.3125,0.7333333333333334
1.0,0.4666666666666667,0.5464052287581699,0.5176470588235295,0.0,0.4666666666666667,0.806060606060606
1.0,0.9444444444444444,0.9535714015654796,0.9178350204849084,0.7745966692414834,0.9444444444444444,0.9444444444444444
1.0,0.3333333333333333,0.4943877491981308,0.3402069087198858,0.1290994448735805,0.3333333333333333,0.7916666666666667
0.0,0.5263157894736842,0.6729077873422215,0.6440611887195307,0.4003203845127179,0.5263157894736842,0.9523809523809524
0.0,0.3157894736842105,0.503035285440326,0.375386511051927,0.2773500981126146,0.3157894736842105,0.8545454545454546
1.0,0.625,0.7252733665908506,0.6613000712661082,0.6390096504226938,0.625,0.8809523809523809
1.0,0.3571428571428571,0.554323004112076,0.4743416490252569,0.0,0.3571428571428571,0.9444444444444444
1.0,0.2857142857142857,0.4886185874761624,0.3577708763999663,0.1443375672974064,0.2857142857142857,0.9
1.0,0.4375,0.6108090359187794,0.5584991461911972,0.1054092553389459,0.4375,0.946969696969697
1.0,0.7692307692307693,0.8348511071802781,0.8280786712108251,0.5720775535473553,0.7692307692307693,0.9294871794871796
1.0,0.5294117647058824,0.638772151708103,0.6936164999097025,0.3202563076101743,0.5294117647058824,0.9523809523809524
1.0,0.65,0.7486351009756391,0.77898083770452,0.4666666666666666,0.65,1.0
1.0,0.5454545454545454,0.5995937462184292,0.4183300132670377,0.1581138830084189,0.4166666666666667,0.7857142857142857
1.0,0.7,0.780936347194021,0.7332959212304938,0.8017837257372732,0.7,0.9027777777777778
1.0,0.5555555555555556,0.680686815787458,0.6206328908341752,0.3344968040028363,0.5555555555555556,0.8974358974358974
1.0,1.0,1.0,1.0,0.8461538461538463,1.0,1.0
0.0,0.5789473684210527,0.6977696945118635,0.6430973633517713,0.4629100498862757,0.5789473684210527,0.9017857142857144
0.0,0.4782608695652174,0.5819579855022537,0.5421813210261636,0.179284291400159,0.4782608695652174,0.7784090909090909
0.0,0.3333333333333333,0.5039403071317278,0.3622089663122214,0.2041241452319314,0.3333333333333333,0.8285714285714285
1.0,0.625,0.7215530402533491,0.7469716152873719,0.5604485383178051,0.625,0.9476190476190476
0.0,0.3529411764705882,0.5432507079384962,0.4467062628403266,0.3849001794597505,0.3529411764705882,0.8831168831168832
0.0,0.1875,0.4412277660168379,0.2846049894151541,0.0,0.1875,0.9666666666666668
0.0,0.625,0.7009342884741473,0.537443472479768,0.7126966450997984,0.625,0.7159090909090909
1.0,0.7777777777777778,0.8435241415018143,0.8097025901313945,0.4140393356054125,0.7777777777777778,0.9485294117647058
0.0,0.4782608695652174,0.6331102602374994,0.5761610809668165,0.2672612419124244,0.4782608695652174,0.9236111111111112
1.0,0.375,0.5273500981126146,0.3840232127713124,0.1139605764596379,0.375,0.7948717948717949
1.0,0.5,0.6150514182428389,0.4829452884162951,0.3061862178478972,0.5,0.7714285714285714
1.0,0.3571428571428571,0.5223628599027187,0.3876376661011099,0.1360827634879543,0.3571428571428571,0.8295454545454546
1.0,0.4285714285714285,0.6190476190476191,0.5999999999999999,0.3749999999999999,0.4285714285714285,1.0
1.0,0.7777777777777778,0.8518518518518517,0.875,0.5714285714285714,0.7777777777777778,1.0
0.0,0.2916666666666667,0.4969395154354545,0.3736703818124242,0.0745355992499929,0.2916666666666667,0.9117647058823528
1.0,0.5882352941176471,0.6836187460068274,0.6777245174805606,0.2981423969999719,0.5882352941176471,0.8487394957983194
1.0,0.4666666666666667,0.6046793930871043,0.5871365639519862,0.5270462766947299,0.4666666666666667,0.946969696969697
1.0,0.8333333333333334,0.878936388937333,0.856008088363528,0.6210590034081188,0.8333333333333334,0.9448529411764706
1.0,0.6428571428571429,0.7477137978235414,0.7180703308172536,0.4216370213557839,0.6428571428571429,0.9318181818181818
1.0,0.6470588235294118,0.6995057711995557,0.5204939018787225,0.7745966692414833,0.6470588235294118,0.6470588235294118
1.0,0.2857142857142857,0.4654857395846538,0.2961641298091144,0.0,0.2857142857142857,0.7362637362637363
1.0,0.4166666666666667,0.5566644532891364,0.4183300132670377,0.0,0.4166666666666667,0.7857142857142857
0.0,0.7,0.780936347194021,0.7332959212304936,0.0,0.7,0.9027777777777778
0.0,0.3846153846153846,0.5223182681494116,0.3626018341897571,0.2981423969999719,0.3846153846153846,0.7402597402597402
1.0,0.5833333333333334,0.7173935126545138,0.6934273376331581,0.4714045207910316,0.6153846153846154,0.9272727272727272
1.0,0.4090909090909091,0.5355845272154095,0.3777051491550211,0.2261335084333227,0.3478260869565217,0.829059829059829
0.0,0.2222222222222222,0.433049589297243,0.2792034123261129,0.0680413817439771,0.2222222222222222,0.8714285714285714
1.0,0.6,0.7333333333333333,0.7499999999999999,0.0,0.6,1.0
1.0,0.8,0.8666666666666667,0.8888888888888891,0.625,0.8,1.0
0.0,0.2916666666666667,0.5171930566283959,0.4236075534914362,0.1482498633322202,0.2916666666666667,0.9708333333333332
1.0,0.45,0.5774467332727927,0.4506939094329987,0.4029114820126901,0.3809523809523809,0.8846153846153846
1.0,0.3157894736842105,0.5232577116005211,0.4330127018922193,0.0912870929175276,0.3157894736842105,0.9285714285714286
1.0,0.3076923076923077,0.4840148806395636,0.3346640106136302,0.0,0.3076923076923077,0.8285714285714286
0.0,0.5,0.6399030030758163,0.5554321075334395,0.2981423969999719,0.5,0.8739495798319328
1.0,0.3571428571428571,0.5223628599027187,0.3876376661011099,0.0,0.3571428571428571,0.8295454545454546
1.0,0.7894736842105263,0.8405854700010386,0.7856742013183862,0.6681531047810609,0.7894736842105263,0.8958333333333334
1.0,0.5,0.6399554036692666,0.5853694070049636,0.3333333333333333,0.5,1.0
1.0,0.3529411764705882,0.5276467907494019,0.4047960089109366,0.0,0.3529411764705882,0.8615384615384616
1.0,0.6666666666666666,0.7562492266756062,0.701560760020114,0.3857583749052298,0.6666666666666666,0.8928571428571429
1.0,0.6428571428571429,0.7371781284956125,0.7715167498104596,0.6999999999999998,0.6428571428571429,1.0
1.0,0.7,0.780936347194021,0.7332959212304936,0.6172133998483676,0.7,0.9027777777777778
1.0,0.4,0.5553418012614796,0.4330127018922194,0.4082482904638631,0.4,0.8333333333333334
1.0,0.7058823529411765,0.7837003808366925,0.7514691493021793,0.3846153846153847,0.7058823529411765,1.0
1.0,0.9166666666666666,0.9225106887757204,0.7904758509947771,0.7035264706814485,0.9166666666666666,0.8461538461538461
1.0,0.75,0.788675134594813,0.649519052838329,0.6761234037828132,0.75,0.75
0.0,0.4444444444444444,0.5659762412815931,0.3745554791462456,0.0,0.4444444444444444,0.6444444444444444
1.0,0.3636363636363636,0.5145897694001511,0.3628873693012115,0.0,0.3636363636363636,0.7777777777777778
0.0,0.6875,0.7551693865935581,0.6826961799175927,0.3344968040028363,0.6470588235294118,0.8871794871794871
1.0,0.2608695652173913,0.4743756497669267,0.338020432074749,0.080582296402538,0.2608695652173913,0.9134615384615384
1.0,0.2727272727272727,0.4704933164129947,0.3247595264191645,0.0,0.2727272727272727,0.875
0.0,0.3157894736842105,0.5059947359321132,0.3798879687548221,0.1924500897298752,0.3157894736842105,0.8831168831168832
1.0,0.631578947368421,0.7043314934452131,0.5665577237325318,0.4522670168666454,0.631578947368421,0.7435897435897435
0.0,0.4666666666666667,0.5884612092237257,0.4480270815665312,0.1139605764596379,0.4666666666666667,0.7606837606837606
1.0,0.6521739130434783,0.7681159420289854,0.7727272727272727,0.5555555555555557,0.6521739130434783,1.0
0.0,0.2857142857142857,0.4886185874761624,0.3577708763999663,0.0,0.2857142857142857,0.9
1.0,0.4444444444444444,0.6042884990253411,0.5384615384615385,0.2727272727272727,0.3684210526315789,1.0
1.0,0.6666666666666666,0.7777777777777777,0.7999999999999998,0.7499999999999999,0.6666666666666666,1.0
1.0,0.75,0.8178208630818641,0.7801057548373027,0.5892556509887895,0.75,0.9181818181818182
0.0,0.2727272727272727,0.4704933164129947,0.3247595264191645,0.0,0.2727272727272727,0.875
1.0,0.6923076923076923,0.765828771263554,0.6846531968814576,0.5590169943749475,0.6923076923076923,0.85
1.0,0.7333333333333333,0.8222222222222223,0.8461538461538463,0.6363636363636364,0.7333333333333333,1.0
0.0,0.25,0.4681780112444302,0.3289214668121058,0.0,0.25,0.9191919191919192
1.0,0.45,0.6220305943597653,0.5796550698475775,0.3202563076101743,0.45,0.9571428571428572
1.0,0.4285714285714285,0.5872256302920493,0.4933822002181587,0.2519763153394848,0.4285714285714285,0.8787878787878788
0.0,0.3333333333333333,0.4804211119693833,0.3098386676965933,0.1767766952966368,0.3333333333333333,0.7333333333333334
0.0,0.6666666666666666,0.745955789022208,0.6578429336242116,0.2519763153394848,0.6666666666666666,0.8383838383838385
0.0,0.4615384615384615,0.6239200737091456,0.5692099788303083,0.1336306209562121,0.4615384615384615,0.9333333333333332
1.0,0.4166666666666667,0.5408951835698866,0.5102883021422716,0.1360827634879543,0.4166666666666667,0.7954545454545454
0.0,0.2777777777777778,0.4526434833711852,0.2258769757263128,0.0,0.2105263157894736,0.8857142857142857
0.0,0.3333333333333333,0.5555555555555555,0.4999999999999999,0.1666666666666666,0.3333333333333333,1.0
1.0,0.6875,0.7795413705531439,0.7571332305895535,0.3481553119113957,0.6875,0.9395604395604396
1.0,0.4166666666666667,0.6011586111595552,0.7165825285164383,0.1178511301977579,0.4166666666666667,0.9363636363636364
1.0,0.5625,0.6471655269759087,0.4898979485566355,0.49029033784546,0.5625,0.7
1.0,0.7272727272727273,0.7597273503862144,0.642668150601741,0.533113989983183,0.6521739130434783,0.8319327731092437
1.0,0.6,0.7066220703359333,0.6368304537746307,0.4020151261036848,0.6,0.8741258741258741
1.0,0.6153846153846154,0.7280772733382744,0.6934273376331581,0.3535533905932737,0.6153846153846154,0.9272727272727272
0.0,0.5,0.6220084679281462,0.5051814855409226,0.358568582800318,0.5,0.8055555555555556
1.0,0.9333333333333332,0.8868308180311267,0.8574929257125442,0.8153742483272114,0.8125,0.9416666666666668
1.0,0.5714285714285714,0.6852426906774735,0.6085806194501846,0.4472135954999579,0.5714285714285714,0.8666666666666666
1.0,0.3571428571428571,0.481527485875312,0.3651483716701107,0.0,0.3571428571428571,0.7916666666666667
1.0,0.4375,0.613697261026432,0.6369835932390963,0.1906925178491184,0.4375,0.9487179487179488
1.0,0.5789473684210527,0.6774564563457705,0.5658365267145452,0.4670993664969137,0.5789473684210527,0.8009049773755657
1.0,0.5294117647058824,0.6615478763947721,0.5951700641394974,0.3651483716701107,0.5294117647058824,0.8928571428571429
1.0,0.36,0.5542696805273545,0.4714045207910317,0.2672612419124244,0.36,0.9375
0.0,0.3157894736842105,0.5059947359321132,0.3798879687548221,0.0962250448649376,0.3157894736842105,0.8831168831168832
1.0,0.6,0.7333333333333334,0.7500000000000001,0.3999999999999999,0.6,1.0
1.0,0.5416666666666666,0.6867805847505758,0.7071679999028379,0.2858309752375147,0.5416666666666666,0.963157894736842
1.0,0.65,0.7567141667151106,0.7418736765817244,0.6210590034081188,0.65,0.9522058823529412
1.0,0.6363636363636364,0.7575757575757575,0.7777777777777778,0.2857142857142857,0.6363636363636364,1.0
1.0,0.5294117647058824,0.6862745098039215,0.6923076923076924,0.4545454545454545,0.5294117647058824,1.0
0.0,0.3636363636363636,0.5145897694001511,0.3628873693012115,0.1889822365046136,0.3636363636363636,0.7777777777777778
0.0,0.4545454545454545,0.5939874900116263,0.458257569495584,0.4743416490252569,0.4545454545454545,0.7857142857142857
0.0,0.4166666666666667,0.5792891223555414,0.6030226891555273,0.2857142857142857,0.4166666666666667,1.0
1.0,0.75,0.8112663518825607,0.7915305014631321,0.4244373438135827,0.75,0.956140350877193
1.0,0.6818181818181818,0.7545454545454544,0.7199999999999999,0.7660323462854266,0.6818181818181818,0.9166666666666666
0.0,0.2777777777777778,0.5043275544372979,0.3989279615651409,0.2108185106778919,0.2777777777777778,0.9621212121212122
1.0,0.55,0.6730849065803293,0.7125019281037414,0.3450327796711771,0.55,0.9558823529411764
1.0,0.5454545454545454,0.5975185021182381,0.5740743399100555,0.2721655269759087,0.5454545454545454,0.7613636363636364
0.0,0.6666666666666666,0.7562492266756062,0.701560760020114,0.5400617248673217,0.6666666666666666,0.8928571428571429
1.0,0.7222222222222222,0.7957511620088359,0.8249579113843055,0.3571428571428571,0.7222222222222222,1.0
1.0,0.55,0.6654738190002651,0.557773351022717,0.2165063509461096,0.55,0.8253968253968255
0.0,0.7142857142857143,0.7827601459329592,0.6867160602231617,0.5262348115842176,0.7142857142857143,0.8166666666666667
0.0,0.4,0.5844875297485307,0.5200705032248685,0.2357022603955158,0.4,0.9454545454545454
0.0,0.48,0.644442842261525,0.614733806390258,0.3638034375544994,0.48,0.9649122807017544
0.0,0.2666666666666666,0.4940055437946156,0.3794733192202055,0.0,0.2666666666666666,0.9555555555555556
1.0,0.6666666666666666,0.7562492266756061,0.7015607600201139,0.3651483716701107,0.6666666666666666,0.8928571428571429
1.0,0.5,0.6222222222222221,0.52,0.083624201000709,0.5,0.9076923076923076
1.0,0.5833333333333334,0.7051166549057268,0.6640783086353597,0.4008918628686365,0.5833333333333334,0.9222222222222222
1.0,0.5,0.6666666666666666,0.6666666666666666,0.4615384615384616,0.5,1.0
1.0,0.4615384615384615,0.6239200737091456,0.5692099788303083,0.1336306209562121,0.4615384615384615,0.9333333333333332
1.0,0.5,0.6178208630818641,0.5200705032248685,0.3535533905932737,0.4,0.9454545454545454
1.0,0.6,0.6817180849095056,0.5433134494683322,0.7144345083117603,0.6,0.7428571428571429
0.0,0.5384615384615384,0.6805622993869364,0.6378603776778394,0.2357022603955158,0.5384615384615384,0.9363636363636364
0.0,0.3571428571428571,0.5067028927703648,0.4834937784152281,0.2390457218668787,0.3571428571428571,0.8333333333333334
0.0,0.6111111111111112,0.6591983170005338,0.49421650024518,0.5715476066494082,0.5263157894736842,0.7549019607843137
0.0,0.2857142857142857,0.5057779581184962,0.3982759170218598,0.0626224291085149,0.2857142857142857,0.9504643962848296
1.0,0.6842105263157895,0.7894736842105262,0.8125,0.5,0.6842105263157895,1.0
1.0,0.6,0.6817180849095056,0.5433134494683322,0.2041241452319314,0.6,0.7428571428571429
1.0,0.4761904761904761,0.6402089296442689,0.6051536478449089,0.2964997266644405,0.4761904761904761,0.9583333333333334
0.0,0.631578947368421,0.6877508620341682,0.4431293675255978,0.6708203932499369,0.631578947368421,0.6
1.0,0.4444444444444444,0.5564047785512328,0.3996294580029151,0.2773500981126146,0.3684210526315789,0.8303030303030303
1.0,0.7333333333333333,0.8222222222222223,0.8461538461538463,0.4545454545454545,0.7333333333333333,1.0
1.0,0.7058823529411765,0.6966094031677211,0.8645309671165333,0.710046946804693,0.7058823529411765,0.9509803921568628
1.0,0.7058823529411765,0.766244433288659,0.5978825337222946,0.3768891807222045,0.7058823529411765,0.7435897435897435
0.0,0.3076923076923077,0.4840148806395636,0.3346640106136302,0.3162277660168379,0.3076923076923077,0.8285714285714286
1.0,0.631578947368421,0.7043314934452131,0.5665577237325318,0.5276448530110863,0.631578947368421,0.7435897435897435
1.0,0.9,0.9081667756806828,0.756409358488949,0.629940788348712,0.9,0.8181818181818182
1.0,0.5714285714285714,0.6805236905246345,0.6277392647999206,0.4140393356054125,0.5,0.9595588235294118
1.0,0.6153846153846154,0.7280772733382744,0.6934273376331581,0.2357022603955158,0.6153846153846154,0.9272727272727272
1.0,0.4545454545454545,0.6363636363636364,0.6249999999999999,0.1666666666666666,0.4545454545454545,1.0
1.0,0.4736842105263157,0.6491228070175438,0.6428571428571429,0.4166666666666667,0.4736842105263157,1.0
0.0,0.16,0.4071292729553324,0.2253469547164993,0.0,0.16,0.9423076923076924
1.0,0.625,0.75,0.7692307692307694,0.3636363636363636,0.625,1.0
0.0,0.4545454545454545,0.5565986305223282,0.3919631571947541,0.3380617018914065,0.3333333333333333,0.873015873015873
0.0,0.6470588235294118,0.7416889944366954,0.6826961799175927,0.4181210050035454,0.6470588235294118,0.8871794871794871
0.0,0.5555555555555556,0.6590455049651833,0.5412658773652742,0.3380617018914066,0.5555555555555556,0.7916666666666666
1.0,0.44,0.5962977530487952,0.5421468563329318,0.3554093266554554,0.44,0.8655462184873949
1.0,0.2727272727272727,0.4302701793181584,0.2484519974999766,0.0,0.2727272727272727,0.7333333333333334
1.0,0.5833333333333334,0.6645183643074363,0.5692099788303083,0.2672612419124243,0.4615384615384615,0.9333333333333332
0.0,0.1818181818181818,0.4066617340713463,0.22835969028738,0.0,0.1818181818181818,0.9030303030303032
1.0,0.8,0.8593397646145505,0.8504515598640447,0.4391550328268399,0.8,0.9604743083003952
1.0,0.3333333333333333,0.5288442925581555,0.4245536358497538,0.2010075630518424,0.3333333333333333,0.916083916083916
1.0,0.7647058823529411,0.8216087037997891,0.7600241566884569,0.6943650748294137,0.7647058823529411,0.8839285714285714
1.0,0.6153846153846154,0.7067561369208507,0.7474263942999437,0.5270462766947299,0.6153846153846154,0.9318181818181818
1.0,0.8235294117647058,0.8515146788341473,0.7473407636248484,0.74535599249993,0.8235294117647058,0.8235294117647058
0.0,0.3,0.5086066999241838,0.3967800427596649,0.0,0.3,0.9285714285714286
0.0,0.2727272727272727,0.4704933164129947,0.3247595264191645,0.0,0.2727272727272727,0.875
0.0,0.3529411764705882,0.5544364868991717,0.478713553878169,0.1054092553389459,0.3529411764705882,0.9545454545454546
1.0,0.75,0.7685185185185185,0.7142857142857142,0.1999999999999999,0.5555555555555556,1.0
0.0,0.4615384615384615,0.5919599294997883,0.4651651993213319,0.1360827634879543,0.4615384615384615,0.7954545454545454
0.0,0.3076923076923077,0.5193978856555596,0.4190262407031392,0.1543033499620919,0.3076923076923077,0.9444444444444444
1.0,0.4545454545454545,0.6363636363636364,0.625,0.3571428571428571,0.4545454545454545,1.0
0.0,0.7142857142857143,0.8095238095238096,0.8333333333333335,0.0,0.7142857142857143,1.0
1.0,0.7391304347826086,0.7755963356630247,0.7115261985689634,0.4402043892400665,0.7391304347826086,0.8928571428571429
1.0,0.3333333333333333,0.5384499882390602,0.4216370213557838,0.2004459314343183,0.3333333333333333,0.9444444444444444
1.0,0.8333333333333334,0.859845865280648,0.7607257743127308,0.7826237921249264,0.8333333333333334,0.8333333333333334
1.0,0.375,0.5833333333333334,0.5454545454545454,0.4444444444444444,0.375,1.0
1.0,0.4375,0.6108090359187794,0.5584991461911972,0.3162277660168379,0.4375,0.946969696969697
1.0,0.7857142857142857,0.837322838184844,0.7837832859383004,0.6240377207533828,0.7857142857142857,0.8333333333333334
0.0,0.3461538461538461,0.5469969967860687,0.5270462766947299,0.0625,0.3461538461538461,1.0
1.0,0.7222222222222222,0.7740156687141658,0.7261843774138907,0.4447495899966607,0.631578947368421,0.95
1.0,0.6666666666666666,0.7562492266756061,0.7015607600201139,0.1825741858350553,0.6666666666666666,0.8928571428571429
1.0,0.5,0.6511541964151975,0.6067489204290133,0.2357022603955158,0.5,0.9363636363636364
1.0,0.5789473684210527,0.6977696945118635,0.6430973633517713,0.3857583749052298,0.5789473684210527,0.9017857142857144
1.0,0.8333333333333334,0.8560548461256948,0.6672270432067237,0.6054055145966812,0.8333333333333334,0.7894736842105263
0.0,0.2307692307692307,0.4478185217422195,0.2939723678960656,0.0,0.2307692307692307,0.9047619047619048
1.0,0.6153846153846154,0.728937728937729,0.7272727272727273,0.2222222222222222,0.5714285714285714,1.0
0.0,0.4166666666666667,0.5566644532891364,0.4183300132670377,0.1581138830084189,0.4166666666666667,0.7857142857142857
1.0,0.8666666666666667,0.9111111111111112,0.9285714285714286,0.5833333333333334,0.8666666666666667,1.0
1.0,0.5555555555555556,0.680686815787458,0.6206328908341752,0.1672484020014181,0.5555555555555556,0.8974358974358974
1.0,0.9230769230769232,0.9356409229947896,0.8868636210743289,0.2860387767736776,0.9230769230769232,0.9230769230769232
1.0,0.4444444444444444,0.60490299622048,0.5290400570128865,0.0,0.4444444444444444,0.9047619047619048
1.0,0.4375,0.5611506944848144,0.3880570000581327,0.3144854510165755,0.4375,0.6888888888888889
1.0,0.8,0.8314757303333055,0.7155417527999328,0.7016464154456235,0.8,0.8
1.0,0.3333333333333333,0.5237335667999858,0.4111518335151322,0.1259881576697424,0.3333333333333333,0.898989898989899
1.0,0.5454545454545454,0.677906044163718,0.6285393610547089,0.4629100498862757,0.5454545454545454,0.9166666666666666
0.0,0.1153846153846153,0.3918934710974329,0.1653594569415369,0.0,0.1153846153846153,0.9732142857142856
1.0,0.6428571428571429,0.695832670483853,0.5154323951168185,0.4364357804719848,0.6428571428571429,0.6428571428571429
1.0,0.55,0.6825860681381825,0.5749268519426484,0.6445033866354896,0.55,0.9137254901960784
1.0,0.25,0.4784714488978284,0.3507803800100569,0.0,0.25,0.9464285714285714
1.0,0.7222222222222222,0.7878997213951441,0.8142879178328473,0.4830458915396479,0.7222222222222222,0.9485294117647058
1.0,0.4615384615384615,0.5919599294997883,0.4651651993213319,0.1360827634879543,0.4615384615384615,0.7954545454545454
1.0,0.4285714285714285,0.5922839554567686,0.504938279575854,0.0745355992499929,0.4285714285714285,0.8865546218487395
0.0,0.3636363636363636,0.5339157864893113,0.4115174739742147,0.4670993664969137,0.3636363636363636,0.8552036199095022
0.0,0.4444444444444444,0.60490299622048,0.5290400570128865,0.2236067977499789,0.4444444444444444,0.9047619047619048
1.0,0.2142857142857142,0.4443684874349065,0.4020151261036848,0.0,0.2142857142857142,1.0
1.0,0.5555555555555556,0.6590455049651833,0.5412658773652742,0.4082482904638631,0.5555555555555556,0.7916666666666666
1.0,0.6153846153846154,0.7280772733382744,0.6934273376331581,0.4714045207910316,0.6153846153846154,0.9272727272727272
1.0,0.3333333333333333,0.5161945901182877,0.3919631571947541,0.0,0.3333333333333333,0.873015873015873
1.0,0.7142857142857143,0.7828125465264094,0.707589393082923,0.4020151261036848,0.7142857142857143,0.8601398601398602
0.0,0.5789473684210527,0.6774564563457705,0.5658365267145452,0.3892494720807615,0.5789473684210527,0.8009049773755657
1.0,0.4761904761904761,0.5998998327057586,0.4555133535349408,0.2925089696508522,0.4761904761904761,0.7570850202429149
1.0,0.4,0.5553418012614796,0.4330127018922194,0.0,0.4,0.8333333333333334
1.0,0.6,0.6817180849095056,0.5433134494683322,0.1020620726159657,0.6,0.7428571428571429
1.0,0.6666666666666666,0.7166099714203531,0.5443310539518172,0.588348405414552,0.6666666666666666,0.6666666666666666
1.0,0.6666666666666666,0.7697444687606221,0.7858563745322399,0.5457051563317492,0.6666666666666666,0.956140350877193
1.0,0.65,0.7445212904654043,0.8001976040538967,0.5457051563317492,0.65,0.956140350877193
1.0,0.5,0.6399554036692666,0.5660715144663384,0.4020151261036848,0.5,0.8881118881118881
1.0,0.3181818181818182,0.5170075857078945,0.4287464628562721,0.0741249316661101,0.3181818181818182,0.9708333333333332
0.0,0.3076923076923077,0.48467082825405,0.3335451753206104,0.1490711984999859,0.3076923076923077,0.7922077922077922
1.0,0.375,0.5003893137988891,0.3200193439760938,0.1139605764596379,0.2941176470588235,0.829059829059829
0.0,0.5555555555555556,0.6590455049651833,0.5412658773652742,0.4082482904638631,0.5555555555555556,0.7916666666666666
1.0,0.9090909090909092,0.9238814691424704,0.8667841720414475,0.4714045207910316,0.9090909090909092,0.9090909090909092
1.0,0.625,0.7181372549019608,0.6923076923076924,0.1818181818181818,0.5294117647058824,1.0
1.0,0.8571428571428571,0.8026543189718028,0.6613000712661081,0.6708203932499369,0.625,0.8809523809523809
1.0,0.625,0.7252733665908506,0.6613000712661082,0.5477225575051661,0.625,0.8809523809523809
0.0,0.5294117647058824,0.6765162909353052,0.6438484420471411,0.4351941398892446,0.5294117647058824,0.9505494505494506
1.0,0.8571428571428571,0.9047619047619048,0.9230769230769232,0.4545454545454545,0.8571428571428571,1.0
0.0,0.7058823529411765,0.7710508415827836,0.676040864149498,0.8058229640253802,0.7058823529411765,0.8269230769230769
1.0,0.5454545454545454,0.677906044163718,0.6285393610547089,0.3086066999241838,0.5454545454545454,0.9166666666666666
1.0,0.625,0.6934106214928114,0.5951700641394974,0.5477225575051661,0.5294117647058824,0.8928571428571429
1.0,0.375,0.5542903097250923,0.4564354645876384,0.0,0.375,0.9
1.0,0.3,0.508606699924184,0.3967800427596649,0.0,0.3,0.9285714285714286
0.0,0.2272727272727272,0.4727231887349621,0.344151468449797,0.0,0.2272727272727272,0.9725274725274724
1.0,0.5333333333333333,0.6746979248076683,0.6382847385042254,0.0,0.5333333333333333,0.9393939393939392
1.0,0.8125,0.8399122807017543,0.7894736842105261,0.5012804118276031,0.8125,0.8901960784313725
1.0,0.6153846153846154,0.7280772733382744,0.6934273376331581,0.0,0.6153846153846154,0.9272727272727272
0.0,0.2857142857142857,0.4886185874761624,0.3577708763999663,0.1443375672974064,0.2857142857142857,0.9
0.0,0.4444444444444444,0.5630718731846434,0.5109228682370576,0.080582296402538,0.4444444444444444,0.8846153846153846
1.0,0.4,0.5553418012614796,0.4330127018922193,0.1195228609334393,0.4,0.8333333333333334
1.0,0.2727272727272727,0.515151515151515,0.4285714285714285,0.1999999999999999,0.2727272727272727,1.0
1.0,0.4705882352941176,0.5858910171719871,0.4354648431614538,0.196116135138184,0.4705882352941176,0.7333333333333333
1.0,0.45,0.6261904761904761,0.6,0.3076923076923077,0.4285714285714285,1.0
0.0,0.4210526315789473,0.5788441513859369,0.4770278351999552,0.4385290096535146,0.4210526315789473,0.8666666666666667
1.0,0.6470588235294118,0.7416889944366954,0.6826961799175927,0.083624201000709,0.6470588235294118,0.8871794871794871
0.0,0.4,0.5844875297485307,0.5200705032248685,0.0,0.4,0.9454545454545454
1.0,0.6428571428571429,0.7477137978235414,0.7180703308172536,0.4216370213557839,0.6428571428571429,0.9318181818181818
0.0,0.4736842105263157,0.6044646082790234,0.4871392896287467,0.4225771273642583,0.4736842105263157,0.8125
1.0,0.9444444444444444,0.9535714015654796,0.9178350204849084,0.8391463916782737,0.9444444444444444,0.9444444444444444
0.0,0.3571428571428571,0.5223628599027187,0.3876376661011099,0.0,0.3571428571428571,0.8295454545454546
1.0,0.7058823529411765,0.7942968332198834,0.7593619048625158,0.4008918628686366,0.7222222222222222,0.9027777777777778
0.0,0.4,0.5553418012614796,0.4330127018922193,0.1195228609334393,0.4,0.8333333333333334
1.0,0.875,0.8951381155644951,0.8184875533567997,0.6172133998483678,0.875,0.875
1.0,0.75,0.8103164454170875,0.7447594690010102,0.6689936080056726,0.75,0.8769230769230769
0.0,0.4666666666666667,0.6222222222222222,0.4761904761904761,0.2901905000440046,0.4666666666666667,0.6428571428571428
1.0,0.3076923076923077,0.4995751486979556,0.4238227146814404,0.1878672873255448,0.2962962962962963,0.9504643962848296
0.0,0.5,0.6173376224100862,0.5439189286336025,0.241746889207614,0.5,0.8701923076923077
1.0,0.5384615384615384,0.6238556669220859,0.4933822002181587,0.3779644730092272,0.4285714285714285,0.8787878787878788
1.0,0.25,0.4681780112444302,0.3289214668121058,0.0,0.25,0.9191919191919192
1.0,0.4615384615384615,0.5919599294997883,0.4651651993213319,0.2721655269759087,0.4615384615384615,0.7954545454545454
1.0,0.9411764705882352,0.9304154001076188,0.8132202844993978,0.4383570037596046,0.9411764705882352,0.8947368421052632
1.0,0.875,0.8814757303333053,0.8944271909999159,0.3333333333333333,0.875,1.0
1.0,0.375,0.5361316917596507,0.4066081935531877,0.2100420126042015,0.375,0.8308270676691729
1.0,0.2692307692307692,0.5028680128689568,0.3994704412363131,0.0690065559342354,0.2692307692307692,0.9742647058823528
0.0,0.5625,0.6165282720739479,0.4354648431614538,0.294174202707276,0.4705882352941176,0.7333333333333333
1.0,0.5555555555555556,0.7037037037037036,0.7142857142857142,0.1999999999999999,0.5555555555555556,1.0
0.0,0.2666666666666666,0.4620453995852583,0.3101101328808879,0.2721655269759087,0.2666666666666666,0.8636363636363636
1.0,0.4761904761904761,0.6162674697939159,0.5112922384374906,0.0721687836487032,0.4761904761904761,0.8412698412698413
1.0,0.4615384615384615,0.6012605896683009,0.6550697201117202,0.1178511301977579,0.4615384615384615,0.9363636363636364
0.0,0.5,0.5690355937288493,0.3535533905932738,0.5,0.5,0.5
1.0,0.7222222222222222,0.7839765524724917,0.6939592805087877,0.74535599249993,0.7222222222222222,0.8361344537815125
1.0,0.25,0.4784714488978284,0.3507803800100569,0.0,0.25,0.9464285714285714
0.0,0.6956521739130435,0.7417873346847953,0.5802140217240341,0.8164965809277261,0.6956521739130435,0.6956521739130435
1.0,0.5909090909090909,0.7074861158820075,0.6312190586476298,0.2434322477800738,0.5909090909090909,0.8852941176470589
1.0,0.7142857142857143,0.7714285714285715,0.7500000000000001,0.5999999999999999,0.6,1.0
1.0,0.5,0.6666666666666666,0.6666666666666666,0.1428571428571428,0.5,1.0
1.0,0.7368421052631579,0.7890836279144303,0.7067726027243291,0.6085806194501846,0.75,0.8676470588235294
1.0,0.5,0.6314757303333053,0.5366563145999496,0.5039526306789697,0.5,0.85
1.0,0.3846153846153846,0.5257842682908459,0.3535533905932738,0.1414213562373094,0.3846153846153846,0.7023809523809523
1.0,0.4444444444444444,0.5598194346436612,0.3952847075210474,0.1889822365046136,0.4444444444444444,0.7
1.0,0.4666666666666667,0.6444444444444445,0.6363636363636364,0.0,0.4666666666666667,1.0
1.0,0.6363636363636364,0.6496168921700286,0.563436169819011,0.6454972243679029,0.6363636363636364,0.6666666666666666
1.0,0.238095238095238,0.4823052731948757,0.3219242210235705,0.0870388279778489,0.238095238095238,0.9725274725274724
1.0,0.8571428571428571,0.9047619047619048,0.9230769230769232,0.7272727272727273,0.8571428571428571,1.0
1.0,0.2727272727272727,0.515151515151515,0.4285714285714285,0.0,0.2727272727272727,1.0
1.0,0.2777777777777778,0.5043275544372979,0.3989279615651409,0.0,0.2777777777777778,0.9621212121212122
1.0,0.5,0.6150514182428388,0.4829452884162951,0.0,0.5,0.7714285714285714
0.0,0.25,0.4621350868093061,0.316573307295685,0.0,0.25,0.9025974025974026
0.0,0.24,0.4615113445777636,0.312678431413977,0.2004459314343183,0.24,0.9583333333333331
0.0,0.7333333333333333,0.7743385017481139,0.6279891482902952,0.8320502943378437,0.7333333333333333,0.7333333333333333
1.0,0.4,0.5844875297485307,0.5200705032248685,0.4714045207910316,0.4,0.9454545454545454
1.0,0.7222222222222222,0.8059243237430066,0.8142879178328473,0.6210590034081188,0.7222222222222222,0.9485294117647058
0.0,0.2142857142857142,0.4571268233844972,0.3142696805273544,0.0,0.2142857142857142,0.9583333333333331
1.0,0.4375,0.5840193397690098,0.4722620103960926,0.2132007163556104,0.4375,0.8384615384615385
1.0,0.4,0.5444444444444444,0.4861111111111111,0.1118033988749894,0.4,0.9
1.0,0.5909090909090909,0.717881165875244,0.7018738391943418,0.5809475019311126,0.5909090909090909,0.9575163398692812
0.0,0.2727272727272727,0.4704933164129947,0.3247595264191645,0.0,0.2727272727272727,0.875
1.0,0.3846153846153846,0.5545526534102284,0.447213595499958,0.2886751345948129,0.3846153846153846,0.875
1.0,0.2941176470588235,0.4480547467120339,0.2699746235780194,0.2357022603955158,0.2941176470588235,0.7321428571428572
0.0,0.5263157894736842,0.6729077873422215,0.6440611887195307,0.4803844614152615,0.5263157894736842,0.9523809523809524
1.0,0.5,0.6666666666666666,0.6666666666666666,0.1428571428571428,0.5,1.0
1.0,0.7692307692307693,0.8118489218688664,0.8280786712108251,0.6674238124719146,0.7692307692307693,0.9294871794871796
0.0,0.5789473684210527,0.6774564563457705,0.5658365267145452,0.3892494720807615,0.5789473684210527,0.8009049773755657
1.0,0.6190476190476191,0.7058961485025996,0.5825877088057219,0.2309401076758502,0.6190476190476191,0.8128342245989305
0.0,0.4444444444444444,0.5631931681984108,0.5427277189404629,0.3344968040028363,0.3684210526315789,0.917948717948718
1.0,0.45,0.5990147213438922,0.5152489509756245,0.4003203845127179,0.3809523809523809,0.961904761904762
1.0,0.3333333333333333,0.5288442925581555,0.4245536358497538,0.2010075630518424,0.3333333333333333,0.916083916083916
0.0,0.7272727272727273,0.7803169049911244,0.6648039453209388,0.8366600265340756,0.7272727272727273,0.75
1.0,0.7142857142857143,0.8095238095238096,0.8333333333333335,0.6999999999999998,0.7142857142857143,1.0
0.0,0.5333333333333333,0.65778674742863,0.5362664443598958,0.2773500981126146,0.5625,0.7818181818181817
1.0,0.6,0.6656937137768185,0.6376649130643643,0.3508232077228117,0.6,0.8333333333333333
1.0,0.4,0.5553208630818641,0.4333920860207237,0.0,0.3125,0.9545454545454546
0.0,0.1818181818181818,0.429818821136305,0.2645200285064432,0.0,0.1818181818181818,0.9523809523809524
0.0,0.5294117647058824,0.6862745098039215,0.6923076923076924,0.5454545454545454,0.5294117647058824,1.0
1.0,0.3333333333333333,0.5555555555555556,0.5000000000000001,0.0,0.3333333333333333,1.0
1.0,0.5,0.6545413705531439,0.6194726432096347,0.1740776559556978,0.5,0.9505494505494506
1.0,0.4,0.6,0.5714285714285714,0.3999999999999999,0.4,1.0
1.0,0.5833333333333334,0.6731565106963694,0.5426927325415538,0.4082482904638631,0.5833333333333334,0.7613636363636364
1.0,0.7727272727272727,0.8400446599784805,0.8284775193087619,0.8003267306650412,0.7727272727272727,0.9552631578947368
1.0,0.8,0.8314757303333055,0.7155417527999327,0.1443375672974064,0.8,0.8
0.0,0.7333333333333333,0.7763528922424947,0.7082332862518551,0.3481553119113957,0.625,0.945054945054945
1.0,0.5882352941176471,0.6575910855964501,0.4592793267718459,0.3380617018914066,0.5,0.8125
1.0,0.6,0.7066220703359333,0.6368304537746307,0.502518907629606,0.6,0.8741258741258741
1.0,0.5384615384615384,0.6439322627568997,0.5581278304681095,0.2357022603955158,0.4285714285714285,0.9454545454545454
1.0,0.7272727272727273,0.8010762508653227,0.758946638440411,0.1336306209562121,0.7272727272727273,0.9111111111111112
1.0,0.5,0.6282051282051282,0.5555555555555556,0.2857142857142857,0.3846153846153846,1.0
1.0,0.4166666666666667,0.5573204009036227,0.4002542103847324,0.4472135954999579,0.4166666666666667,0.7402597402597402
1.0,0.217391304347826,0.4782608695652174,0.3571428571428571,0.1666666666666666,0.217391304347826,1.0
1.0,0.375,0.5273500981126146,0.3840232127713124,0.3418817293789138,0.375,0.7948717948717949
0.0,0.2083333333333333,0.4242797853815853,0.4360138696416196,0.0693375245281536,0.2083333333333333,0.9333333333333332
1.0,0.4736842105263157,0.6208590172324968,0.5311478659992486,0.080582296402538,0.4736842105263157,0.8701923076923077
1.0,0.7,0.780936347194021,0.7332959212304936,0.4629100498862757,0.7,0.9027777777777778
1.0,0.3,0.4635231383473649,0.2964635306407855,0.0,0.3,0.775
0.0,0.5,0.6399554036692666,0.5660715144663384,0.2010075630518424,0.5,0.8881118881118881
1.0,0.6363636363636364,0.712121212121212,0.6666666666666666,0.4285714285714285,0.5,1.0
1.0,0.5833333333333334,0.7051166549057268,0.6640783086353597,0.5345224838248487,0.5833333333333334,0.9222222222222222
1.0,0.4545454545454545,0.5612291927774642,0.3872983346207417,0.3535533905932737,0.4545454545454545,0.6666666666666666
0.0,0.5,0.6428571428571428,0.6,0.4615384615384616,0.4285714285714285,1.0
1.0,0.4615384615384615,0.5804195804195804,0.5206611570247934,0.3779644730092272,0.4615384615384615,0.8787878787878788
1.0,0.5882352941176471,0.69029925974507,0.596284793999944,0.5262348115842176,0.5882352941176471,0.8333333333333333
1.0,0.5,0.6314757303333053,0.5366563145999496,0.2631174057921088,0.5,0.85
1.0,0.6111111111111112,0.7294380017671728,0.7084673075914837,0.4803844614152615,0.6111111111111112,0.9476190476190476
1.0,0.5238095238095238,0.6623184947489239,0.6078059295826451,0.2148344622118298,0.5238095238095238,0.9137254901960784
1.0,0.6842105263157895,0.7894736842105262,0.8125,0.4285714285714285,0.6842105263157895,1.0
0.0,0.1212121212121212,0.3416826781830562,0.3049183605681531,0.0,0.1212121212121212,0.9772727272727272
1.0,0.3888888888888889,0.5314247862351679,0.3810317377662721,0.196116135138184,0.3888888888888889,0.7666666666666667
0.0,0.4117647058823529,0.5811318742575019,0.4953125751580461,0.3015113445777636,0.4117647058823529,0.902097902097902
1.0,0.5789473684210527,0.6891344435761179,0.6821314454146865,0.2964997266644405,0.5789473684210527,0.9541666666666668
1.0,0.8823529411764706,0.9215686274509804,0.9375,0.4285714285714285,0.8823529411764706,1.0
1.0,0.9,0.916227766016838,0.8538149682454624,0.8017837257372731,0.9,0.9
0.0,0.3125,0.5261541964151975,0.4333920860207237,0.2357022603955158,0.3125,0.9545454545454546
1.0,0.4545454545454545,0.6363636363636364,0.6249999999999999,0.0,0.4545454545454545,1.0
1.0,0.36,0.5566666666666666,0.5999999999999999,0.1875,0.36,1.0
1.0,0.6666666666666666,0.7777777777777777,0.7999999999999998,0.4999999999999999,0.6666666666666666,1.0
1.0,0.4166666666666667,0.5920474583051322,0.523782800878924,0.1543033499620919,0.4166666666666667,0.9305555555555556
1.0,0.5714285714285714,0.6583024790649955,0.51203095036175,0.6837634587578276,0.5714285714285714,0.7264957264957266
1.0,0.6666666666666666,0.7777777777777777,0.7999999999999998,0.4444444444444445,0.6666666666666666,1.0
0.0,0.3333333333333333,0.4804211119693833,0.3098386676965933,0.1767766952966368,0.3333333333333333,0.7333333333333334
1.0,0.4,0.5553418012614796,0.4330127018922193,0.1195228609334393,0.4,0.8333333333333334
1.0,0.5,0.656320930083303,0.5504167329230252,0.0953462589245592,0.5,0.9487179487179488
1.0,0.6923076923076923,0.765828771263554,0.6846531968814576,0.7826237921249264,0.6923076923076923,0.85
0.0,0.3529411764705882,0.5544364868991717,0.478713553878169,0.1054092553389459,0.3529411764705882,0.9545454545454546
1.0,0.5333333333333333,0.6376068376068376,0.5857988165680474,0.4020151261036848,0.5333333333333333,0.8881118881118881
1.0,0.6666666666666666,0.745955789022208,0.6578429336242116,0.3779644730092272,0.6666666666666666,0.8383838383838385
1.0,0.65,0.7411268389588795,0.7751836437976719,0.6454972243679028,0.65,0.954248366013072
1.0,0.7333333333333333,0.7760259033199105,0.6175557111843663,0.7312724241271307,0.7333333333333333,0.8009049773755657
1.0,0.5625,0.6952563076101743,0.6651477158057467,0.1906925178491184,0.5625,0.9423076923076924
1.0,0.9,0.9081667756806828,0.756409358488949,0.1259881576697424,0.9,0.8181818181818182
0.0,0.3333333333333333,0.4509800381732936,0.2525381361380527,0.1290994448735805,0.3125,0.6428571428571428
1.0,0.7333333333333333,0.743734964759101,0.7637626158259734,0.7205766921228922,0.625,0.9476190476190476
1.0,0.48,0.6192876158577248,0.5427204202399746,0.2357022603955158,0.4230769230769231,0.9388888888888888
1.0,0.7,0.7052809417443449,0.7050145066205763,0.6681531047810609,0.5454545454545454,0.9222222222222222
1.0,0.8,0.8666666666666667,0.8888888888888888,0.2857142857142857,0.8,1.0
1.0,0.6,0.7066220703359333,0.6368304537746307,0.502518907629606,0.6,0.8741258741258741
1.0,0.2777777777777778,0.5043275544372979,0.3989279615651409,0.0,0.2777777777777778,0.9621212121212122
1.0,0.7692307692307693,0.8319628820726256,0.7978559231302818,0.2108185106778919,0.7692307692307693,0.9242424242424244
1.0,0.5,0.6545413705531439,0.6194726432096347,0.4351941398892446,0.5,0.9505494505494506
1.0,0.4375,0.558927908579091,0.4008918628686366,0.4364357804719848,0.4375,0.7222222222222222
0.0,0.4736842105263157,0.6044646082790234,0.4871392896287467,0.5916079783099616,0.4736842105263157,0.8125
1.0,0.7692307692307693,0.805173185922856,0.674660014851561,0.6396021490668313,0.7692307692307693,0.7692307692307693
0.0,0.2727272727272727,0.4704933164129947,0.3247595264191645,0.0,0.2727272727272727,0.875
1.0,0.4444444444444444,0.60490299622048,0.5290400570128865,0.4472135954999579,0.4444444444444444,0.9047619047619048
1.0,0.5714285714285714,0.6852426906774735,0.6085806194501846,0.4472135954999579,0.5714285714285714,0.8666666666666666
1.0,0.5,0.6451381155644951,0.5846339666834284,0.0,0.5,0.9107142857142856
1.0,0.7142857142857143,0.7726902028549167,0.7526531523020413,0.7627700713964739,0.7142857142857143,0.935897435897436
1.0,0.4117647058823529,0.5562278888310742,0.4225771273642583,0.1020620726159657,0.4117647058823529,0.8
1.0,0.7142857142857143,0.7777018207682399,0.6514798695340964,0.4811252243246881,0.7142857142857143,0.8051948051948052
1.0,1.0,0.9166666666666666,0.857142857142857,0.9999999999999998,0.75,1.0
0.0,0.25,0.463623602124916,0.2672612419124244,0.0,0.25,0.8888888888888888
1.0,0.4545454545454545,0.5970026709263686,0.4899539464934427,0.0,0.4545454545454545,0.8412698412698413
1.0,0.3333333333333333,0.5325386676393097,0.4344430235839226,0.083624201000709,0.3333333333333333,0.9282051282051282
0.0,0.375,0.5577935056255462,0.4844897773735449,0.1290994448735805,0.375,0.9705882352941176
1.0,0.3846153846153846,0.5897435897435898,0.5555555555555556,0.0,0.3846153846153846,1.0
1.0,0.6470588235294118,0.7416889944366954,0.6826961799175927,0.7526178090063818,0.6470588235294118,0.8871794871794871
1.0,0.2777777777777778,0.488579203391254,0.3877698694231412,0.0,0.2777777777777778,0.967948717948718
1.0,0.6,0.6939723678960656,0.5879447357921312,0.1690308509457032,0.6,0.8095238095238095
1.0,0.7272727272727273,0.8010762508653227,0.758946638440411,0.1336306209562121,0.7272727272727273,0.9111111111111112
1.0,0.7,0.780936347194021,0.7332959212304936,0.3086066999241838,0.7,0.9027777777777778
0.0,0.5,0.605968927010147,0.4699413783075407,0.4303314829119352,0.4705882352941176,0.7112299465240641
1.0,0.25,0.4523809523809524,0.3673469387755101,0.0912870929175276,0.25,0.9404761904761904
0.0,0.4210526315789473,0.6019097916057755,0.5506423495196753,0.2611164839335467,0.4210526315789473,0.956043956043956
1.0,0.4666666666666667,0.6046793930871043,0.5871365639519862,0.1054092553389459,0.4666666666666667,0.946969696969697
1.0,0.25,0.4388321936425753,0.2721655269759087,0.0,0.25,0.8333333333333333
0.0,0.3684210526315789,0.5542207350119032,0.4629100498862757,0.273861278752583,0.3684210526315789,0.9166666666666666
1.0,0.6842105263157895,0.7681176754870404,0.7418736765817244,0.4830458915396479,0.65,0.9522058823529412
1.0,0.7692307692307693,0.792726565055736,0.7643803118869156,0.6674238124719146,0.6428571428571429,0.935897435897436
0.0,0.4782608695652174,0.6231884057971014,0.7391304347826088,0.2941176470588235,0.4782608695652174,1.0
0.0,0.3333333333333333,0.5203646192221941,0.4065578140908709,0.0,0.3333333333333333,0.8465909090909092
1.0,0.5384615384615384,0.6491037855671887,0.6330096580207194,0.0,0.5384615384615384,0.9363636363636364
0.0,0.5384615384615384,0.6923076923076922,0.6999999999999998,0.2499999999999999,0.5384615384615384,1.0
1.0,0.3125,0.4970084679281462,0.3608439182435161,0.0,0.3125,0.8611111111111112
1.0,0.25,0.4784714488978284,0.3507803800100569,0.0,0.25,0.9464285714285714
1.0,0.375,0.5542903097250923,0.4564354645876384,0.0,0.375,0.9
0.0,0.2962962962962963,0.5214726361333809,0.4319223625811333,0.1290994448735805,0.2962962962962963,0.9738562091503268
1.0,0.6666666666666666,0.7399128645870837,0.6331466145913701,0.2886751345948128,0.6666666666666666,0.8051948051948052
1.0,0.3333333333333333,0.5555555555555555,0.4999999999999999,0.3333333333333333,0.3333333333333333,1.0
1.0,0.75,0.8103164454170875,0.7447594690010102,0.5017452060042545,0.75,0.8769230769230769
0.0,0.3333333333333333,0.4833387061557689,0.3916747259003201,0.358568582800318,0.3333333333333333,0.8611111111111112
1.0,0.3529411764705882,0.5544364868991717,0.478713553878169,0.1054092553389459,0.3529411764705882,0.9545454545454546
1.0,0.55,0.6491061819121079,0.4555133535349408,0.3656362120635653,0.55,0.7327935222672065
1.0,0.3333333333333333,0.4943877491981308,0.3402069087198858,0.0,0.3333333333333333,0.7916666666666667
1.0,0.6842105263157895,0.7692524964197677,0.7183160985976713,0.6445033866354896,0.6842105263157895,0.8980392156862744
1.0,0.4347826086956521,0.5451991878922436,0.3214121732666125,0.2828427124746189,0.4347826086956521,0.6212121212121211
1.0,0.6,0.7229875967499697,0.6880209161537816,0.2860387767736776,0.6,0.9423076923076924
1.0,0.3888888888888889,0.5554336981388054,0.5647059301303347,0.0,0.3888888888888889,0.917948717948718
1.0,0.4705882352941176,0.6339817978062529,0.5912424140495526,0.2860387767736776,0.4705882352941176,0.9487179487179488
0.0,0.5454545454545454,0.6425230391477221,0.5019960159204453,0.6123724356957946,0.5454545454545454,0.7428571428571429
0.0,0.3181818181818182,0.5360629840570622,0.5359330785703401,0.3706246583305506,0.3181818181818182,0.9666666666666668
0.0,0.35,0.554541370553144,0.4818120558297158,0.2611164839335467,0.35,0.9615384615384616
0.0,0.375,0.5019763153394848,0.3239695482936233,0.0,0.375,0.6785714285714286
0.0,0.4285714285714285,0.5578798126901944,0.4082482904638629,0.0,0.4285714285714285,0.75
1.0,0.5333333333333333,0.6159637842134541,0.4722620103960926,0.2132007163556104,0.4375,0.8384615384615385
1.0,0.4210526315789473,0.5788441513859369,0.4770278351999552,0.0,0.4210526315789473,0.8666666666666667
1.0,0.5714285714285714,0.6852426906774735,0.6085806194501846,0.3354101966249684,0.5714285714285714,0.8666666666666666
1.0,0.2,0.4666666666666666,0.3333333333333333,0.0,0.2,1.0
0.0,0.6470588235294118,0.7183545597170341,0.5609784100510774,0.5715476066494082,0.6470588235294118,0.7303921568627452
1.0,0.5333333333333333,0.6746979248076683,0.6382847385042254,0.4216370213557839,0.5333333333333333,0.9393939393939392
1.0,0.3225806451612903,0.5248272225357219,0.422418353311175,0.1626978433639921,0.3225806451612903,0.9282296650717704
1.0,0.6111111111111112,0.6507479665967061,0.5363299191123654,0.2773500981126146,0.45,0.888888888888889
0.0,0.3333333333333333,0.5555555555555555,0.4999999999999999,0.3333333333333333,0.3333333333333333,1.0
1.0,0.5,0.5948215135175787,0.4224039833745501,0.6154574548966638,0.5,0.6634615384615384
1.0,0.391304347826087,0.554841933113457,0.4409585518440984,0.3608439182435161,0.391304347826087,0.8571428571428571
1.0,0.6,0.7333333333333334,0.7500000000000001,0.5999999999999999,0.6,1.0
1.0,0.84,0.8752036192297666,0.8728715609439694,0.7112867591590193,0.84,0.9633333333333334
1.0,0.8666666666666667,0.8629907506649711,0.7864871845766263,0.3202563076101743,0.75,0.942857142857143
1.0,0.4166666666666667,0.5920474583051322,0.523782800878924,0.3086066999241838,0.4166666666666667,0.9305555555555556
1.0,0.7,0.780936347194021,0.7332959212304938,0.5345224838248488,0.7,0.9027777777777778
1.0,0.3181818181818182,0.5125838184098779,0.3943571707538739,0.080582296402538,0.3181818181818182,0.8990384615384616
0.0,0.6363636363636364,0.7223848212423962,0.6260990336999411,0.4330127018922193,0.6363636363636364,0.825
1.0,0.65,0.7076421477129964,0.5782634374458271,0.2018018381988937,0.5714285714285714,0.831578947368421
0.0,0.16,0.4286972610264319,0.2576244754878122,0.0,0.16,0.980952380952381
0.0,0.4375,0.5856390345627323,0.5939441718716428,0.1825741858350553,0.4375,0.9047619047619048
0.0,0.5555555555555556,0.6590455049651833,0.5412658773652742,0.4225771273642583,0.5555555555555556,0.7916666666666666
1.0,0.6923076923076923,0.7255357309705136,0.6085806194501846,0.3354101966249684,0.5714285714285714,0.8666666666666666
1.0,0.4545454545454545,0.5970026709263686,0.4899539464934427,0.0,0.4545454545454545,0.8412698412698413
1.0,0.4444444444444444,0.6301447467663356,0.6049901419820201,0.0800640769025435,0.4736842105263157,0.9571428571428572
1.0,0.6666666666666666,0.7562492266756061,0.7015607600201139,0.3651483716701107,0.6666666666666666,0.8928571428571429
1.0,0.5454545454545454,0.677906044163718,0.6285393610547089,0.3086066999241838,0.5454545454545454,0.9166666666666666
1.0,0.4666666666666667,0.5884612092237257,0.4480270815665312,0.2279211529192759,0.4666666666666667,0.7606837606837606
1.0,0.4,0.5175392696687938,0.4052557433111287,0.0,0.4,0.7948717948717949
1.0,0.8333333333333334,0.878936388937333,0.856008088363528,0.6210590034081188,0.8333333333333334,0.9448529411764706
1.0,0.8235294117647058,0.8717682200270888,0.8472151069828724,0.6671243849949912,0.8235294117647058,0.9416666666666668
1.0,0.4117647058823529,0.5811318742575019,0.4953125751580461,0.1005037815259212,0.4117647058823529,0.902097902097902
1.0,0.5454545454545454,0.6425230391477221,0.5019960159204453,0.1581138830084189,0.5454545454545454,0.7428571428571429
1.0,0.4705882352941176,0.609193910338718,0.5065172916730961,0.0962250448649376,0.4705882352941176,0.8441558441558441
1.0,0.5,0.6451381155644951,0.5846339666834284,0.0,0.5,0.9107142857142856
1.0,0.5625,0.6952563076101743,0.6651477158057467,0.4767312946227962,0.5625,0.9423076923076924
1.0,1.0,0.985394295822505,0.8366600265340756,0.1825741858350553,1.0,0.875
1.0,0.5384615384615384,0.6604857035521227,0.5756125669211851,0.2519763153394848,0.5384615384615384,0.8585858585858586
1.0,0.3333333333333333,0.5438101626347996,0.4783952832583796,0.1178511301977579,0.3333333333333333,0.9545454545454546
1.0,0.4230769230769231,0.5893694306277116,0.5070749451511088,0.1217161238900369,0.4230769230769231,0.9029411764705882
1.0,0.5,0.6399554036692666,0.5660715144663384,0.0,0.5,0.8881118881118881
1.0,0.631578947368421,0.7438012437628988,0.7261843774138907,0.592999453328881,0.631578947368421,0.95
1.0,0.7333333333333333,0.7386652728169655,0.596284793999944,0.4385290096535146,0.5882352941176471,0.8333333333333333
0.0,0.3846153846153846,0.5223182681494116,0.3626018341897571,0.1490711984999859,0.3846153846153846,0.7402597402597402
1.0,0.5555555555555556,0.7037037037037037,0.7647058823529411,0.3076923076923077,0.5555555555555556,1.0
1.0,0.6,0.6752733665908505,0.7200822998230957,0.4003203845127179,0.5,0.9523809523809524
1.0,0.6666666666666666,0.7647007520546186,0.7390530175619408,0.5720775535473553,0.6666666666666666,0.935897435897436
1.0,0.6363636363636364,0.7575757575757575,0.7777777777777779,0.5625,0.6363636363636364,1.0
1.0,0.9230769230769232,0.889853377207244,0.8129583193181349,0.5720775535473553,0.7857142857142857,0.9294871794871796
1.0,0.6190476190476191,0.6955411251730318,0.610581093596003,0.0613139339484965,0.6190476190476191,0.7916666666666666
1.0,0.75,0.7719045019406753,0.5270731661249504,0.4564354645876384,0.6153846153846154,0.8928571428571429
1.0,0.7058823529411765,0.7785299293788097,0.6939592805087877,0.6708203932499369,0.7222222222222222,0.8361344537815125
0.0,0.3333333333333333,0.5161945901182877,0.3919631571947541,0.0,0.3333333333333333,0.873015873015873
0.0,0.3333333333333333,0.5252525252525252,0.6363636363636364,0.2857142857142857,0.3333333333333333,1.0
1.0,0.8571428571428571,0.8950036858932884,0.8370029746612834,0.6092717958449424,0.8571428571428571,0.934065934065934
1.0,0.5833333333333334,0.7051166549057268,0.6640783086353597,0.5892556509887896,0.5833333333333334,0.9222222222222222
1.0,0.4375,0.588599556055363,0.5132697088004606,0.3698001308168194,0.4375,0.806060606060606
1.0,0.5882352941176471,0.7133648999649087,0.6883029368995941,0.2611164839335467,0.5882352941176471,0.945054945054945
1.0,0.5,0.605498860309242,0.4536092116265145,0.3779644730092272,0.5,0.7222222222222222
1.0,0.3636363636363636,0.5542290246554042,0.4677071733467426,0.0,0.3636363636363636,0.9285714285714286
1.0,0.3888888888888889,0.5547276794018986,0.4432026302139591,0.0962250448649376,0.3888888888888889,0.8636363636363636
1.0,0.4705882352941176,0.6339817978062529,0.5912424140495526,0.0953462589245592,0.4705882352941176,0.9487179487179488
0.0,0.5263157894736842,0.6729077873422215,0.6440611887195307,0.4003203845127179,0.5263157894736842,0.9523809523809524
1.0,0.3571428571428571,0.481527485875312,0.3042903097250923,0.0,0.3571428571428571,0.7916666666666667
0.0,0.2941176470588235,0.5294117647058824,0.4545454545454545,0.2222222222222222,0.2941176470588235,1.0
1.0,0.7368421052631579,0.7773597619350894,0.6325016344160699,0.6301260378126045,0.7368421052631579,0.7368421052631579
1.0,0.4285714285714285,0.5578798126901944,0.408248290463863,0.3535533905932737,0.4285714285714285,0.75
0.0,0.3529411764705882,0.5025553595594833,0.3436215967445457,0.1091089451179962,0.3529411764705882,0.7619047619047619
1.0,0.4,0.5553418012614796,0.4330127018922194,0.2041241452319315,0.4,0.8333333333333334
0.0,0.4375,0.6108090359187794,0.5584991461911972,0.3162277660168379,0.4375,0.946969696969697
1.0,0.4736842105263157,0.6044646082790234,0.4871392896287467,0.253546276418555,0.4736842105263157,0.8125
1.0,0.7333333333333333,0.8124640033536058,0.7726181304565692,0.3481553119113957,0.7333333333333333,0.9395604395604396
1.0,0.5,0.6051599408596211,0.4770278351999552,0.3508232077228117,0.4210526315789473,0.8666666666666667
1.0,0.5333333333333333,0.6746979248076683,0.6382847385042254,0.0,0.5333333333333333,0.9393939393939392
1.0,0.9166666666666666,0.930253480363224,0.8776415154433099,0.9486832980505138,0.9166666666666666,0.9166666666666666
1.0,0.3333333333333333,0.5288442925581555,0.4245536358497538,0.1005037815259212,0.3333333333333333,0.916083916083916
1.0,0.5238095238095238,0.6623184947489239,0.6078059295826451,0.3580574370197164,0.5238095238095238,0.9137254901960784
1.0,0.1363636363636363,0.4111653985192651,0.2217159052685822,0.0,0.1363636363636363,0.9807692307692308
0.0,0.6923076923076923,0.765828771263554,0.6846531968814576,0.5590169943749475,0.6923076923076923,0.85
0.0,0.5,0.6314757303333053,0.5366563145999496,0.2886751345948129,0.5,0.85
1.0,0.8,0.8545413705531439,0.8259635242795128,0.3481553119113957,0.8,0.934065934065934
1.0,0.3846153846153846,0.5023651855344636,0.291902553246312,0.4522670168666454,0.3846153846153846,0.5512820512820513
0.0,0.6111111111111112,0.6679860607309314,0.4777275310931271,0.75,0.6111111111111112,0.6111111111111112
1.0,0.7777777777777778,0.8518518518518517,0.8749999999999998,0.5000000000000001,0.7777777777777778,1.0
1.0,0.3846153846153846,0.4921125168057723,0.2946278254943948,0.4743416490252569,0.3846153846153846,0.5833333333333333
1.0,0.8125,0.8636972610264321,0.8372795453353898,0.4803844614152615,0.8125,0.938095238095238
0.0,0.32,0.5176236430584257,0.4057204129667897,0.2773500981126146,0.32,0.9111111111111112
1.0,0.4285714285714285,0.5872256302920493,0.4933822002181587,0.1259881576697424,0.4285714285714285,0.8787878787878788
1.0,0.8333333333333334,0.8598458652806479,0.7607257743127308,0.4853626716970755,0.8333333333333334,0.8333333333333334
1.0,0.6,0.6717914161090706,0.5824101773765795,0.3849001794597505,0.6,0.8246753246753247
0.0,0.5714285714285714,0.7142857142857143,0.7272727272727273,0.4444444444444444,0.5714285714285714,1.0
0.0,0.16,0.4197788122092413,0.3131121455425747,0.0,0.16,1.0
0.0,0.6923076923076923,0.738888559651076,0.5760348191569687,0.4558423058385518,0.6923076923076923,0.6923076923076923
1.0,0.7058823529411765,0.7855586294684738,0.6614378277661477,0.4629100498862757,0.7058823529411765,0.8928571428571429
0.0,0.4285714285714285,0.5872256302920493,0.4933822002181587,0.5039526306789696,0.4285714285714285,0.8787878787878788
1.0,0.8181818181818182,0.8787878787878789,0.8999999999999998,0.1249999999999999,0.8181818181818182,1.0
1.0,0.2,0.424824877398402,0.2571984212338842,0.1556997888323046,0.2,0.9095022624434388
1.0,0.5909090909090909,0.717881165875244,0.7018738391943418,0.710046946804693,0.5909090909090909,0.9575163398692812
1.0,0.7142857142857143,0.7898108076294904,0.7684172579878226,0.5457051563317492,0.6818181818181818,0.956140350877193
0.0,0.4444444444444444,0.5978835978835979,0.5600907029478458,0.0556414884074657,0.4444444444444444,0.9398496240601504
1.0,0.8235294117647058,0.7875311907020524,0.6405777973927272,0.74535599249993,0.631578947368421,0.8487394957983194
0.0,0.1818181818181818,0.3712121212121212,0.234375,0.0,0.1818181818181818,0.9166666666666669
1.0,0.7647058823529411,0.8431372549019608,0.8666666666666666,0.3076923076923077,0.7647058823529411,1.0
1.0,0.7142857142857143,0.7657234882622693,0.7445134596131822,0.5477225575051661,0.7142857142857143,0.8690476190476191
1.0,0.7222222222222222,0.7839765524724917,0.6939592805087877,0.2981423969999719,0.7222222222222222,0.8361344537815125
1.0,0.6153846153846154,0.7280772733382744,0.6934273376331581,0.3535533905932737,0.6153846153846154,0.9272727272727272
1.0,0.5789473684210527,0.6977696945118635,0.6430973633517713,0.2314550249431378,0.5789473684210527,0.9017857142857144
0.0,0.6,0.7066220703359333,0.6368304537746307,0.2010075630518424,0.6,0.8741258741258741
1.0,0.5294117647058824,0.6862745098039215,0.6923076923076924,0.2727272727272727,0.5294117647058824,1.0
1.0,0.4761904761904761,0.5500700280112044,0.4152249134948096,0.2148344622118298,0.2916666666666667,0.9450980392156862
1.0,0.5833333333333334,0.6574965435640157,0.6043672230190351,0.5976143046671968,0.5833333333333334,0.7777777777777778
0.0,0.5454545454545454,0.6425230391477221,0.5019960159204453,0.1581138830084189,0.5454545454545454,0.7428571428571429
1.0,0.7272727272727273,0.7530964528855248,0.6640783086353597,0.4008918628686365,0.5833333333333334,0.9222222222222222
0.0,0.3684210526315789,0.5542207350119032,0.4629100498862757,0.273861278752583,0.3684210526315789,0.9166666666666666
1.0,0.4285714285714285,0.5975190679454475,0.5261705700150855,0.2314550249431378,0.4285714285714285,0.9196428571428572
1.0,0.5294117647058824,0.6236471454317957,0.5766976460218246,0.3481553119113957,0.4444444444444444,0.956043956043956
1.0,0.8,0.8435859473303449,0.703239258393226,0.4868644955601476,0.8,0.8588235294117648
0.0,0.3571428571428571,0.554323004112076,0.4743416490252569,0.1336306209562121,0.3571428571428571,0.9444444444444444
1.0,0.7619047619047619,0.8152546565129374,0.737563556583431,0.669438681395203,0.7619047619047619,0.8588235294117648
0.0,0.3846153846153846,0.5545526534102284,0.447213595499958,0.2886751345948129,0.3846153846153846,0.875
1.0,0.3846153846153846,0.5545526534102284,0.447213595499958,0.0,0.3846153846153846,0.875
1.0,0.6,0.7333333333333334,0.7500000000000001,0.6999999999999998,0.6,1.0
1.0,0.3333333333333333,0.5039403071317278,0.3622089663122213,0.0,0.3333333333333333,0.8285714285714285
1.0,0.5909090909090909,0.717881165875244,0.7018738391943418,0.3872983346207417,0.5909090909090909,0.9575163398692812
1.0,0.65,0.7567141667151106,0.7418736765817244,0.3450327796711771,0.65,0.9522058823529412
1.0,0.4,0.585394295822505,0.4183300132670378,0.0,0.4,0.9285714285714286
1.0,0.3571428571428571,0.546262013775921,0.3782046792444745,0.0,0.3571428571428571,0.898989898989899
1.0,0.9411764705882352,0.9148841013556336,0.856008088363528,0.5520524474738834,0.8333333333333334,0.9448529411764706
0.0,0.4166666666666667,0.583963995625675,0.4898979485566356,0.0,0.4166666666666667,0.875
1.0,0.3809523809523809,0.5759988483280193,0.5152489509756245,0.0,0.3809523809523809,0.961904761904762
1.0,0.6428571428571429,0.7209241016737717,0.6071940133664049,0.4264014327112208,0.6428571428571429,0.7923076923076923
1.0,0.3181818181818182,0.5341518064809774,0.4508428321036714,0.0800640769025435,0.3181818181818182,0.9666666666666668
1.0,0.7222222222222222,0.7839765524724917,0.6939592805087877,0.521749194749951,0.7222222222222222,0.8361344537815125
1.0,0.3636363636363636,0.5670005727976742,0.5134898976610933,0.0741249316661101,0.3636363636363636,0.9666666666666668
0.0,0.6428571428571429,0.7477137978235414,0.7180703308172536,0.2108185106778919,0.6428571428571429,0.9318181818181818
1.0,0.3846153846153846,0.5223182681494116,0.3626018341897571,0.1490711984999859,0.3846153846153846,0.7402597402597402
1.0,0.6875,0.7531793208905677,0.6123724356957946,0.5916079783099616,0.6875,0.7708333333333334
0.0,0.5333333333333333,0.6479082286578987,0.5397280118812489,0.4264014327112208,0.5333333333333333,0.8153846153846154
1.0,0.4090909090909091,0.5954758849112242,0.5446382830604181,0.0741249316661101,0.4090909090909091,0.9625
0.0,0.45,0.6220305943597653,0.5796550698475775,0.2401922307076307,0.45,0.9571428571428572
1.0,0.75,0.8178208630818641,0.7801057548373027,0.5892556509887895,0.75,0.9181818181818182
1.0,0.7857142857142857,0.7795954042696235,0.6331466145913701,0.769800358919501,0.6666666666666666,0.8051948051948052
1.0,0.6875,0.7795413705531439,0.7571332305895535,0.4351941398892446,0.6875,0.9395604395604396
1.0,0.7058823529411765,0.7710508415827836,0.676040864149498,0.5640760748177662,0.7058823529411765,0.8269230769230769
1.0,0.5625,0.637385937239804,0.5173371122933585,0.1906925178491184,0.3888888888888889,0.9551282051282052
1.0,0.6363636363636364,0.7223848212423962,0.6260990336999411,0.2886751345948129,0.6363636363636364,0.825
1.0,0.7142857142857143,0.8019419927771146,0.8160932731328417,0.4003203845127179,0.7142857142857143,0.942857142857143
1.0,0.5,0.6097187325296166,0.4664003611437281,0.2672612419124244,0.5,0.7443181818181818
1.0,0.6153846153846154,0.6835536075063846,0.4586806107691876,0.4264014327112208,0.6153846153846154,0.8153846153846154
1.0,0.8571428571428571,0.9047619047619048,0.9230769230769232,0.7272727272727273,0.8571428571428571,1.0
1.0,0.6875,0.7795413705531439,0.7571332305895535,0.6092717958449424,0.6875,0.9395604395604396
1.0,0.5714285714285714,0.7142857142857143,0.7272727272727273,0.2222222222222222,0.5714285714285714,1.0
0.0,0.5454545454545454,0.6425230391477221,0.5019960159204453,0.3402069087198859,0.5454545454545454,0.7428571428571429
1.0,0.75,0.8333333333333334,0.857142857142857,0.5999999999999999,0.75,1.0
1.0,0.3157894736842105,0.4914145959954116,0.4667066809575584,0.0,0.3157894736842105,0.8833333333333333
1.0,0.5,0.6432232267337894,0.4930066485916347,0.0,0.5,0.8833333333333334
1.0,1.0,1.0,1.0,0.8571428571428571,1.0,1.0
1.0,0.5384615384615384,0.6238556669220859,0.4933822002181587,0.2519763153394848,0.4285714285714285,0.8787878787878788
0.0,0.5384615384615384,0.6311398859502676,0.4762896722078401,0.3872983346207417,0.5384615384615384,0.7083333333333334
1.0,0.4444444444444444,0.60490299622048,0.5290400570128865,0.2236067977499789,0.4444444444444444,0.9047619047619048
1.0,0.875,0.8951381155644951,0.8184875533567996,0.1825741858350553,0.875,0.875
0.0,0.3076923076923077,0.4513111870868707,0.2685632530458169,0.0,0.3076923076923077,0.696969696969697
1.0,0.7142857142857143,0.7828125465264094,0.707589393082923,0.6030226891555273,0.7142857142857143,0.8601398601398602
0.0,0.4444444444444444,0.5598194346436612,0.3952847075210474,0.0,0.4444444444444444,0.7
1.0,0.7894736842105263,0.8405854700010386,0.7856742013183862,0.6681531047810609,0.7894736842105263,0.8958333333333334
1.0,0.6086956521739131,0.7302399437108004,0.7171894407886343,0.3031695312954162,0.6086956521739131,0.95906432748538
0.0,0.4782608695652174,0.6442362664381291,0.6146362971528592,0.1936491673103708,0.4782608695652174,0.9640522875816994
1.0,0.1363636363636363,0.4111653985192651,0.2217159052685822,0.0,0.1363636363636363,0.9807692307692308
1.0,0.7058823529411765,0.7855586294684738,0.71655764674666,0.3086066999241839,0.7058823529411765,0.8928571428571429
0.0,0.391304347826087,0.5942028985507246,0.5625,0.4285714285714285,0.391304347826087,1.0
1.0,0.6666666666666666,0.7399128645870837,0.6331466145913701,0.3849001794597505,0.6666666666666666,0.8051948051948052
1.0,0.6521739130434783,0.75101037471249,0.7115124735378853,0.6481812160876687,0.6521739130434783,0.9166666666666666
1.0,0.6470588235294118,0.7200476836144207,0.5953924651018015,0.4225771273642583,0.6470588235294118,0.7708333333333334
1.0,0.5555555555555556,0.680686815787458,0.6206328908341752,0.2508726030021272,0.5555555555555556,0.8974358974358974
1.0,0.5625,0.6952563076101743,0.6651477158057467,0.4767312946227962,0.5625,0.9423076923076924
1.0,0.9375,0.935161403466157,0.9227301753118168,0.710046946804693,0.9375,0.9444444444444444
1.0,0.75,0.8058876451607491,0.724470738538616,0.7130240959073808,0.75,0.8519736842105263
1.0,0.6363636363636364,0.7223848212423962,0.6260990336999411,0.2886751345948129,0.6363636363636364,0.825
1.0,0.4166666666666667,0.5239607597364433,0.3357040663072711,0.5,0.4166666666666667,0.6212121212121211
1.0,0.75,0.7729490682100693,0.6934273376331581,0.5892556509887895,0.6153846153846154,0.9272727272727272
1.0,0.4545454545454545,0.6161424485728778,0.5525508450751319,0.2864459496157732,0.4545454545454545,0.9215686274509804
1.0,0.5714285714285714,0.6852426906774731,0.6085806194501846,0.4853626716970755,0.5714285714285714,0.8666666666666666
0.0,0.3181818181818182,0.5125838184098779,0.3943571707538739,0.0,0.3181818181818182,0.8990384615384616
0.0,0.4,0.6,0.5714285714285714,0.1999999999999999,0.4,1.0
1.0,0.4166666666666667,0.5920474583051322,0.523782800878924,0.0,0.4166666666666667,0.9305555555555556
1.0,0.4615384615384615,0.5622798463009655,0.3818813079129867,0.4242640687119284,0.4615384615384615,0.6428571428571429
0.0,0.3076923076923077,0.5384615384615384,0.4705882352941176,0.1999999999999999,0.3076923076923077,1.0
1.0,0.7222222222222222,0.7687227197934831,0.7938841860374447,0.4666666666666666,0.6842105263157895,1.0
1.0,0.3846153846153846,0.5771604059600485,0.5196152422706631,0.1336306209562121,0.3846153846153846,0.9444444444444444
0.0,0.5294117647058824,0.6383907893298133,0.5138093031466051,0.6471502289294341,0.5294117647058824,0.7818181818181817
0.0,0.3636363636363636,0.546319112983277,0.4431800195652587,0.0,0.3636363636363636,0.873015873015873
0.0,0.2857142857142857,0.4886185874761624,0.3577708763999663,0.0,0.2857142857142857,0.9
1.0,0.7777777777777778,0.8316306640610932,0.7735711831051846,0.4296689244236597,0.7777777777777778,0.8901960784313725
1.0,0.375,0.5833333333333334,0.5454545454545454,0.1111111111111111,0.375,1.0
1.0,0.625,0.7252733665908506,0.6613000712661082,0.1825741858350553,0.625,0.8809523809523809
1.0,0.75,0.8178208630818641,0.7801057548373027,0.5892556509887895,0.75,0.9181818181818182
0.0,0.75,0.7593592366532439,0.5768377522051773,0.6362847629757777,0.6666666666666666,0.7333333333333333
1.0,0.7142857142857143,0.7668073043471632,0.5863019699779288,0.8017837257372732,0.7333333333333333,0.6875
1.0,0.6,0.6581988897471612,0.46475800154489,0.0,0.6,0.6
0.0,0.4117647058823529,0.5327086936687296,0.3614784456460255,0.1048284836721918,0.4117647058823529,0.6888888888888889
1.0,0.5,0.5992413450724885,0.4351222010277085,0.2981423969999719,0.5,0.6883116883116883
1.0,0.5,0.6511541964151975,0.6067489204290133,0.3535533905932737,0.5,0.9363636363636364
1.0,0.7058823529411765,0.7754746088808001,0.8038996178555102,0.4447495899966607,0.7058823529411765,0.9458333333333332
1.0,0.5882352941176471,0.7133648999649087,0.6883029368995941,0.4351941398892446,0.5882352941176471,0.945054945054945
0.0,0.1111111111111111,0.3607998909300955,0.1443375672974064,0.0,0.1052631578947368,0.9444444444444444
1.0,0.375,0.5504992905701392,0.4448180288044824,0.1345345587992625,0.375,0.8736842105263158
1.0,0.5263157894736842,0.6639893385250307,0.6888467201936644,0.2307692307692308,0.5263157894736842,1.0
1.0,0.6666666666666666,0.745955789022208,0.6578429336242116,0.5039526306789696,0.6666666666666666,0.8383838383838385
0.0,0.375,0.5277777777777778,0.375,0.2182178902359924,0.375,0.7619047619047619
0.0,0.5333333333333333,0.6479082286578987,0.5397280118812489,0.4264014327112208,0.5333333333333333,0.8153846153846154
1.0,0.6,0.7333333333333334,0.7500000000000001,0.1999999999999999,0.6,1.0
1.0,0.4615384615384615,0.6239200737091456,0.5692099788303083,0.1336306209562121,0.4615384615384615,0.9333333333333332
1.0,0.6,0.7066220703359333,0.6368304537746307,0.3015113445777636,0.6,0.8741258741258741
1.0,0.6666666666666666,0.7777777777777777,0.7999999999999998,0.4999999999999999,0.6666666666666666,1.0
1.0,0.6,0.6939723678960656,0.5879447357921312,0.3380617018914065,0.6,0.8095238095238095
1.0,0.3888888888888889,0.5314247862351679,0.3810317377662721,0.098058067569092,0.3888888888888889,0.7666666666666667
1.0,0.625,0.6801898050140315,0.4941058844013092,0.6614378277661476,0.625,0.625
1.0,0.6666666666666666,0.730483221218122,0.7627700713964738,0.4629100498862757,0.6666666666666666,0.9027777777777778
1.0,0.8333333333333334,0.878936388937333,0.856008088363528,0.2760262237369417,0.8333333333333334,0.9448529411764706
1.0,0.2692307692307692,0.4757834757834758,0.345679012345679,0.0668153104781061,0.2692307692307692,0.9513888888888888
1.0,0.3684210526315789,0.5581140350877193,0.5,0.0833333333333333,0.3684210526315789,1.0
0.0,0.6,0.6939723678960656,0.5879447357921312,0.5070925528371099,0.6,0.8095238095238095
0.0,0.4,0.5141243894297413,0.3296088216486961,0.25,0.3333333333333333,0.7525252525252526
1.0,0.5,0.6401193288722815,0.530975761509718,0.3198010745334156,0.5,0.8384615384615385
1.0,0.2857142857142857,0.4563842022153457,0.2900814673518057,0.2981423969999719,0.2857142857142857,0.7922077922077922
0.0,0.4736842105263157,0.594676149195569,0.4780914437337574,0.2371708245126284,0.4736842105263157,0.7222222222222222
0.0,0.4166666666666667,0.5564168840654543,0.4086706892219254,0.1986798535597565,0.4166666666666667,0.7619047619047619
0.0,0.4615384615384615,0.6239200737091456,0.5692099788303083,0.0,0.4615384615384615,0.9333333333333332
1.0,0.5238095238095238,0.6571264927741495,0.5773502691896257,0.4853626716970755,0.5238095238095238,0.8777777777777779
0.0,0.4,0.5844875297485307,0.5200705032248685,0.2357022603955158,0.4,0.9454545454545454
1.0,0.5833333333333334,0.6731565106963694,0.5426927325415538,0.5378528742004771,0.5833333333333334,0.7613636363636364
1.0,0.375,0.5542903097250923,0.4564354645876384,0.0,0.375,0.9
1.0,0.6428571428571429,0.7525132005072787,0.796243431018791,0.3481553119113957,0.6428571428571429,0.9395604395604396
1.0,0.3333333333333333,0.5288442925581555,0.4245536358497538,0.3015113445777636,0.3333333333333333,0.916083916083916
1.0,0.7777777777777778,0.8435241415018143,0.8097025901313945,0.6900655593423543,0.7777777777777778,0.9485294117647058
1.0,0.7,0.7999999999999998,0.8235294117647058,0.6,0.7,1.0
1.0,0.4117647058823529,0.5811318742575019,0.4953125751580461,0.2010075630518424,0.4117647058823529,0.902097902097902
1.0,0.5,0.6220084679281462,0.5051814855409226,0.1195228609334393,0.5,0.8055555555555556
0.0,0.3333333333333333,0.5161945901182877,0.3919631571947541,0.1690308509457032,0.3333333333333333,0.873015873015873
0.0,0.4761904761904761,0.5998998327057586,0.414103048668128,0.2925089696508522,0.4761904761904761,0.7570850202429149
1.0,0.4,0.5631663933311072,0.6115306862454085,0.3162277660168379,0.4,0.946969696969697
1.0,0.9230769230769232,0.9356409229947896,0.8868636210743289,0.3813850356982369,0.9230769230769232,0.9230769230769232
1.0,0.6666666666666666,0.7562492266756062,0.701560760020114,0.5400617248673217,0.6666666666666666,0.8928571428571429
1.0,0.375,0.5542903097250923,0.4564354645876384,0.3354101966249684,0.375,0.9
1.0,0.3157894736842105,0.4838235130394481,0.3260932467187193,0.1889822365046136,0.3157894736842105,0.775
0.0,0.5384615384615384,0.632835637726942,0.4494133805170593,0.6154574548966638,0.5384615384615384,0.6634615384615384
1.0,0.5833333333333334,0.7222222222222222,0.7368421052631577,0.5294117647058824,0.5833333333333334,1.0
1.0,0.4285714285714285,0.5452139337681267,0.485064726746795,0.5698028822981898,0.4285714285714285,0.7606837606837606
0.0,0.5789473684210527,0.6977696945118635,0.6430973633517713,0.4629100498862757,0.5789473684210527,0.9017857142857144
0.0,0.6111111111111112,0.6588577640876897,0.4733646312031286,0.2371708245126284,0.5263157894736842,0.7222222222222222
1.0,0.5882352941176471,0.69029925974507,0.596284793999944,0.5262348115842176,0.5882352941176471,0.8333333333333333
1.0,1.0,0.9513420864427286,0.9309493362512627,0.4545454545454545,0.9230769230769232,1.0
0.0,0.3636363636363636,0.5145897694001511,0.3628873693012115,0.0,0.3636363636363636,0.7777777777777778
1.0,0.6842105263157895,0.7501127187732587,0.6369401304414756,0.649519052838329,0.6842105263157895,0.7936507936507936
1.0,0.2727272727272727,0.4704933164129947,0.3247595264191645,0.0,0.2727272727272727,0.875
0.0,0.1538461538461538,0.4271404329375343,0.285272165367274,0.0,0.1538461538461538,0.9833333333333334
1.0,0.8333333333333334,0.859845865280648,0.7607257743127308,0.4472135954999579,0.8333333333333334,0.8333333333333334
1.0,1.0,1.0,1.0,0.4166666666666667,1.0,1.0
0.0,0.3571428571428571,0.5223628599027187,0.3876376661011099,0.0,0.3571428571428571,0.8295454545454546
1.0,0.4705882352941176,0.6339817978062529,0.5912424140495526,0.1906925178491184,0.4705882352941176,0.9487179487179488
1.0,0.4285714285714285,0.5934065934065934,0.6923076923076924,0.1111111111111111,0.4285714285714285,1.0
0.0,0.375,0.5733808333817773,0.5136048530181169,0.2760262237369417,0.375,0.9669117647058824
1.0,0.3888888888888889,0.5795155668694335,0.5173371122933585,0.3813850356982369,0.3888888888888889,0.9551282051282052
1.0,0.7333333333333333,0.7974955888130727,0.727430078392719,0.6390096504226938,0.7333333333333333,0.8690476190476191
1.0,0.6,0.7333333333333333,0.7499999999999999,0.1666666666666666,0.6,1.0
1.0,0.3333333333333333,0.5555555555555555,0.4999999999999999,0.0,0.3333333333333333,1.0
0.0,0.6153846153846154,0.6717445904406557,0.4827474095709145,0.6154574548966638,0.6153846153846154,0.6153846153846154
0.0,0.2,0.4314757303333053,0.2683281572999748,0.0,0.2,0.925
1.0,0.75,0.8103164454170875,0.7447594690010102,0.4181210050035454,0.75,0.8769230769230769
0.0,0.25,0.5,0.5384615384615385,0.0,0.25,1.0
0.0,0.3684210526315789,0.5091371734350842,0.3458741190809165,0.1889822365046136,0.3684210526315789,0.7375
1.0,0.631578947368421,0.7235477025699574,0.6405777973927272,0.74535599249993,0.631578947368421,0.8487394957983194
1.0,0.5333333333333333,0.6329056536681702,0.599274319136185,0.3849001794597505,0.5333333333333333,0.8246753246753247
0.0,0.1875,0.4412277660168379,0.2846049894151541,0.0,0.1875,0.9666666666666668
1.0,0.6,0.6619202010945192,0.5138093031466051,0.1849000654084097,0.5294117647058824,0.7818181818181817
1.0,0.5,0.5992413450724886,0.4431800195652587,0.6546536707079772,0.5,0.5555555555555556
1.0,0.5454545454545454,0.6727783748040195,0.597227910119558,0.2592814894208657,0.5454545454545454,0.881578947368421
1.0,0.3809523809523809,0.5759988483280193,0.5152489509756245,0.3202563076101743,0.3809523809523809,0.961904761904762
1.0,0.7222222222222222,0.8042300936654329,0.7866997421983816,0.6671243849949912,0.7222222222222222,0.9458333333333332
1.0,0.8,0.8545413705531439,0.8259635242795128,0.6963106238227914,0.8,0.934065934065934
1.0,0.5789473684210527,0.6489017915295735,0.5397125416161053,0.4387634544762783,0.5789473684210527,0.7085020242914979
0.0,0.5217391304347826,0.6537137321172707,0.5795765908308927,0.583383351196948,0.5217391304347826,0.881578947368421
1.0,0.65,0.719465025092984,0.5873229462434933,0.4900980294098034,0.65,0.7556390977443609
1.0,0.6666666666666666,0.745955789022208,0.6578429336242116,0.1259881576697424,0.6666666666666666,0.8383838383838385
1.0,0.6923076923076923,0.7948717948717948,0.8181818181818182,0.2222222222222222,0.6923076923076923,1.0
1.0,0.4117647058823529,0.607843137254902,0.5833333333333334,0.0999999999999999,0.4117647058823529,1.0
1.0,0.5,0.6150514182428389,0.4829452884162951,0.3061862178478972,0.5,0.7714285714285714
1.0,0.5769230769230769,0.6830963875132392,0.6674109381566934,0.2571722499368199,0.5769230769230769,0.8956521739130434
1.0,0.5294117647058824,0.6862745098039215,0.6923076923076924,0.2727272727272727,0.5294117647058824,1.0
1.0,0.6666666666666666,0.7647007520546186,0.7390530175619408,0.2860387767736776,0.6666666666666666,0.935897435897436
1.0,0.7368421052631579,0.7931578901032096,0.6674238124719145,0.5625,0.7368421052631579,1.0
1.0,0.2142857142857142,0.4217438183685013,0.2509980079602226,0.1581138830084189,0.2142857142857142,0.8714285714285714
0.0,0.4,0.5844875297485307,0.5200705032248685,0.1178511301977579,0.4,0.9454545454545454
0.0,0.32,0.5301096301458036,0.4472135954999578,0.2672612419124244,0.32,0.9444444444444444
1.0,0.4444444444444444,0.5817459091555214,0.4567193805747601,0.1849000654084097,0.4444444444444444,0.806060606060606
1.0,0.8333333333333334,0.859845865280648,0.7607257743127308,0.6030226891555273,0.8333333333333334,0.8333333333333334
1.0,0.8636363636363636,0.9010576000737536,0.8829572088581967,0.7029594915666377,0.8636363636363636,0.9547619047619048
1.0,0.5,0.6666666666666666,0.6666666666666666,0.3076923076923077,0.5,1.0
1.0,0.4347826086956521,0.5863804486044747,0.4763139720814412,0.3922322702763681,0.4583333333333333,0.8166666666666668
1.0,0.6666666666666666,0.7562492266756062,0.701560760020114,0.5400617248673217,0.6666666666666666,0.8928571428571429
1.0,0.75,0.8333333333333334,0.8571428571428571,0.6666666666666667,0.75,1.0
1.0,0.6,0.6939723678960656,0.5879447357921312,0.1443375672974064,0.6,0.8095238095238095
1.0,0.3333333333333333,0.4943877491981308,0.3402069087198858,0.0,0.3333333333333333,0.7916666666666667
1.0,0.3846153846153846,0.5545526534102284,0.447213595499958,0.2886751345948129,0.3846153846153846,0.875
1.0,0.25,0.4681780112444302,0.3289214668121058,0.0,0.25,0.9191919191919192
0.0,0.4444444444444444,0.5817459091555214,0.4567193805747601,0.2773500981126146,0.4444444444444444,0.806060606060606
1.0,0.75,0.8178208630818641,0.7801057548373027,0.4714045207910316,0.75,0.9181818181818182
1.0,0.6428571428571429,0.7209241016737717,0.6071940133664049,0.5330017908890261,0.6428571428571429,0.7923076923076923
1.0,0.5,0.6511541964151975,0.6067489204290133,0.5892556509887895,0.5,0.9363636363636364
0.0,0.4761904761904761,0.6007391793265833,0.4721314364437765,0.3015113445777636,0.4761904761904761,0.7863247863247863
1.0,0.5,0.6451381155644951,0.5846339666834284,0.0,0.5,0.9107142857142856
1.0,0.3684210526315789,0.5542207350119032,0.4629100498862757,0.0912870929175276,0.3684210526315789,0.9166666666666666
1.0,0.5,0.6118348060703613,0.7339332928599326,0.1601281538050871,0.5,0.9523809523809524
1.0,0.5625,0.6704684201426394,0.5698319531322331,0.4811252243246881,0.5625,0.8246753246753247
1.0,0.6,0.7333333333333334,0.7500000000000001,0.2999999999999999,0.6,1.0
1.0,0.3,0.5012320380383547,0.2904737509655563,0.0,0.3,0.875
1.0,0.6153846153846154,0.7168784805923435,0.7526178090063818,0.0,0.6153846153846154,1.0
1.0,0.5652173913043478,0.6921133618452043,0.6471983651605222,0.6888467201936644,0.5652173913043478,0.9195046439628484
1.0,0.4166666666666667,0.5747347132360271,0.4008918628686366,0.0,0.4166666666666667,0.9444444444444444
1.0,0.3157894736842105,0.5232577116005211,0.4330127018922193,0.1825741858350553,0.3157894736842105,0.9285714285714286
1.0,0.7692307692307693,0.8319628820726256,0.7978559231302818,0.5270462766947299,0.7692307692307693,0.9242424242424244
0.0,0.5789473684210527,0.6774564563457705,0.5658365267145452,0.2335496832484568,0.5789473684210527,0.8009049773755657
1.0,0.28,0.52,0.4375,0.2857142857142857,0.28,1.0
0.0,0.4761904761904761,0.6419031597218425,0.5089299486455295,0.0690065559342354,0.4761904761904761,0.9632352941176472
1.0,0.8181818181818182,0.8469658900323092,0.7400733003272381,0.7826237921249264,0.8181818181818182,0.8181818181818182
1.0,0.6923076923076923,0.7439779767839028,0.6213669335399705,0.2773500981126146,0.6923076923076923,0.7575757575757576
1.0,0.7777777777777778,0.812490886414584,0.6859355250908198,0.0,0.7777777777777778,0.7777777777777778
1.0,0.3846153846153846,0.5545526534102284,0.447213595499958,0.2886751345948129,0.3846153846153846,0.875
1.0,0.5333333333333333,0.6479082286578987,0.5397280118812489,0.4264014327112208,0.5333333333333333,0.8153846153846154
1.0,0.5,0.6314757303333053,0.5366563145999496,0.1754116038614058,0.5,0.85
1.0,0.4285714285714285,0.5975190679454475,0.5261705700150855,0.3086066999241839,0.4285714285714285,0.9196428571428572
0.0,0.25,0.4112664619017809,0.2257844263708747,0.2696799449852968,0.25,0.7362637362637363
1.0,0.7058823529411765,0.7411136227126319,0.7485941377262518,0.5163977794943222,0.631578947368421,0.9575163398692812
1.0,0.7272727272727273,0.8010762508653227,0.758946638440411,0.5892556509887896,0.7272727272727273,0.9111111111111112
1.0,0.6666666666666666,0.7369534140952966,0.5898930887958853,0.3698001308168194,0.6666666666666666,0.7575757575757576
1.0,0.7333333333333333,0.8124640033536058,0.7726181304565692,0.4351941398892446,0.7333333333333333,0.9395604395604396
1.0,0.75,0.7760027199268915,0.6826961799175927,0.3344968040028363,0.6470588235294118,0.8871794871794871
0.0,0.7058823529411765,0.7490078839343498,0.617276210961322,0.6227991553292184,0.6666666666666666,0.7828054298642534
1.0,0.4705882352941176,0.6339817978062529,0.5912424140495526,0.3813850356982369,0.4705882352941176,0.9487179487179488
0.0,0.1428571428571428,0.3861952822194184,0.1527525231651946,0.0,0.1428571428571428,0.9142857142857144
1.0,0.3333333333333333,0.5438101626347996,0.4783952832583796,0.0,0.3333333333333333,0.9545454545454546
1.0,0.4285714285714285,0.619047619047619,0.6,0.2307692307692308,0.4285714285714285,1.0
1.0,0.7333333333333333,0.7743385017481139,0.6279891482902952,0.8320502943378437,0.7333333333333333,0.7333333333333333
1.0,0.5909090909090909,0.699827039100143,0.6278746400668005,0.2592814894208657,0.5909090909090909,0.8717105263157895
1.0,0.5,0.5915322230804944,0.4131182235954577,0.0,0.5,0.6444444444444445
0.0,0.3888888888888889,0.5547276794018986,0.4432026302139591,0.0962250448649376,0.3888888888888889,0.8636363636363636
0.0,0.3684210526315789,0.5691891495524363,0.5150787536377128,0.0870388279778489,0.3684210526315789,0.9615384615384616
1.0,0.2857142857142857,0.4886185874761624,0.3577708763999663,0.0,0.2857142857142857,0.9
1.0,0.375,0.5361316917596507,0.4066081935531877,0.3500700210070024,0.375,0.8308270676691729
1.0,0.6190476190476191,0.7269680932257673,0.6809176411426013,0.5345224838248488,0.6190476190476191,0.9097222222222222
1.0,0.6842105263157895,0.7894736842105262,0.8125,0.5,0.6842105263157895,1.0
1.0,0.5555555555555556,0.6573523810677966,0.5142302092134876,0.4898979485566355,0.5555555555555556,0.7549019607843137
0.0,0.3636363636363636,0.5405666394242145,0.5590169943749475,0.1666666666666666,0.3636363636363636,1.0
1.0,0.3125,0.5409560947423089,0.478713553878169,0.1054092553389459,0.3529411764705882,0.9545454545454546
1.0,0.5625,0.6704684201426394,0.5698319531322331,0.3849001794597505,0.5625,0.8246753246753247
1.0,0.5714285714285714,0.6583024790649955,0.51203095036175,0.6837634587578276,0.5714285714285714,0.7264957264957266
0.0,0.2941176470588235,0.5003687410976414,0.3803628871563654,0.0,0.2941176470588235,0.9166666666666669
1.0,0.6666666666666666,0.745955789022208,0.6578429336242116,0.7559289460184544,0.6666666666666666,0.8383838383838385
1.0,0.3333333333333333,0.5039403071317278,0.3622089663122214,0.3061862178478972,0.3333333333333333,0.8285714285714285
0.0,0.4444444444444444,0.577387643866819,0.6456316889510441,0.1825741858350553,0.4444444444444444,0.9107142857142856
0.0,0.1538461538461538,0.3919784832722556,0.1791612832955233,0.0,0.1538461538461538,0.9145299145299144
1.0,0.5333333333333333,0.6775861499153208,0.7006819525630059,0.0,0.5333333333333333,0.9423076923076924
0.0,0.7058823529411765,0.7287871250412788,0.5594309277855157,0.6324555320336759,0.7058823529411765,0.6666666666666666
1.0,0.3333333333333333,0.5555555555555556,0.5000000000000001,0.0,0.3333333333333333,1.0
1.0,0.4444444444444444,0.6296296296296297,0.6153846153846154,0.2727272727272727,0.4444444444444444,1.0
1.0,0.625,0.6934106214928114,0.5951700641394974,0.5477225575051661,0.5294117647058824,0.8928571428571429
1.0,0.4615384615384615,0.5453670063281013,0.5983418986635365,0.4264014327112208,0.4615384615384615,0.8153846153846154
1.0,0.75,0.7946278254943948,0.7733980419227864,0.6943650748294137,0.75,0.8839285714285714
1.0,0.5,0.6666666666666666,0.6666666666666667,0.0,0.5,1.0
1.0,0.7777777777777778,0.8518518518518517,0.8947368421052629,0.7333333333333333,0.7777777777777778,1.0
0.0,0.3636363636363636,0.546319112983277,0.4431800195652587,0.0721687836487032,0.3636363636363636,0.873015873015873
1.0,0.3888888888888889,0.5517682289101115,0.375386511051927,0.0,0.3888888888888889,0.8303030303030303
0.0,0.75,0.788675134594813,0.649519052838329,0.8451542547285166,0.75,0.75
1.0,0.6666666666666666,0.7647007520546186,0.7390530175619408,0.1906925178491184,0.6666666666666666,0.935897435897436
0.0,0.7857142857142857,0.844065831419698,0.8129583193181349,0.6674238124719146,0.7857142857142857,0.9294871794871796
1.0,0.375,0.5723291856101521,0.517069735249619,0.3162277660168379,0.375,0.9545454545454546
1.0,0.4375,0.5322292788290107,0.2245251046848544,0.2041241452319315,0.4375,0.5138888888888888
0.0,0.3846153846153846,0.5719866772123422,0.4929251531536712,0.3779644730092272,0.3846153846153846,0.898989898989899
0.0,0.1333333333333333,0.385063327768435,0.1870575403449765,0.0,0.1333333333333333,0.9438596491228072
0.0,0.5294117647058824,0.6164643148179532,0.4446952959611783,0.472455591261534,0.5294117647058824,0.6625
1.0,0.6086956521739131,0.7240590762813591,0.6784005252999681,0.3535533905932738,0.6086956521739131,0.9222222222222222
1.0,0.4375,0.5840193397690098,0.4722620103960926,0.3198010745334156,0.4375,0.8384615384615385
1.0,0.7,0.780936347194021,0.7332959212304936,0.4629100498862757,0.7,0.9027777777777778
1.0,0.4375,0.558927908579091,0.4008918628686366,0.4364357804719848,0.4375,0.7222222222222222
1.0,0.4545454545454545,0.5055697818600081,0.2689571768199595,0.5477225575051661,0.4166666666666667,0.4166666666666667
1.0,0.4444444444444444,0.60490299622048,0.5290400570128865,0.2236067977499789,0.4444444444444444,0.9047619047619048
1.0,0.5238095238095238,0.6623184947489239,0.6078059295826451,0.4296689244236597,0.5238095238095238,0.9137254901960784
1.0,0.8666666666666667,0.9111111111111112,0.9285714285714286,0.5000000000000001,0.8666666666666667,1.0
1.0,0.7619047619047619,0.8323793501980329,0.8196450751870107,0.6669729688499156,0.7619047619047619,0.953216374269006
0.0,0.3529411764705882,0.5173453996983409,0.455621301775148,0.2010075630518424,0.3529411764705882,0.916083916083916
0.0,0.2352941176470588,0.4746836081799033,0.346713668816579,0.0,0.2352941176470588,0.9636363636363636
0.0,0.4,0.5844875297485307,0.5200705032248685,0.1178511301977579,0.4,0.9454545454545454
0.0,0.3333333333333333,0.5555555555555555,0.5,0.0714285714285714,0.3333333333333333,1.0
1.0,0.4166666666666667,0.5566644532891364,0.4183300132670377,0.1581138830084189,0.4166666666666667,0.7857142857142857
1.0,0.4761904761904761,0.6402089296442689,0.6051536478449089,0.2964997266644405,0.4761904761904761,0.9583333333333334
1.0,0.5238095238095238,0.6571264927741495,0.5773502691896257,0.4853626716970755,0.5238095238095238,0.8777777777777779
1.0,0.9444444444444444,0.9535714015654796,0.9178350204849084,0.8391463916782737,0.9444444444444444,0.9444444444444444
1.0,0.6666666666666666,0.7597462120867502,0.736431464216458,0.5728918992315464,0.6666666666666666,0.8980392156862744
1.0,0.3181818181818182,0.4797867951379386,0.425093859818982,0.2981423969999719,0.2608695652173913,0.9117647058823528
1.0,0.5882352941176471,0.6863331601060206,0.5842626525991733,0.3223291856101521,0.5555555555555556,0.8557692307692307
1.0,0.3076923076923077,0.5193978856555596,0.4190262407031392,0.1543033499620919,0.3076923076923077,0.9444444444444444
1.0,0.5333333333333333,0.6479082286578987,0.5397280118812489,0.2132007163556104,0.5333333333333333,0.8153846153846154
1.0,0.9230769230769232,0.9356409229947896,0.8868636210743289,0.5720775535473553,0.9230769230769232,0.9230769230769232
1.0,0.5238095238095238,0.6455601509949336,0.5578655678293358,0.2773500981126146,0.5,0.8777777777777779
1.0,0.3333333333333333,0.5555555555555555,0.4999999999999999,0.0,0.3333333333333333,1.0
1.0,0.625,0.7200606848727356,0.6161232369723244,0.3508232077228117,0.625,0.8333333333333333
1.0,0.5882352941176471,0.69029925974507,0.596284793999944,0.1754116038614058,0.5882352941176471,0.8333333333333333
1.0,0.375,0.5414618832617292,0.5197586525038886,0.1296407447104328,0.375,0.9013157894736842
1.0,0.7692307692307693,0.8319628820726256,0.7978559231302818,0.3162277660168379,0.7692307692307693,0.9242424242424244
1.0,0.3,0.4635231383473649,0.2964635306407855,0.0,0.3,0.775
1.0,0.25,0.4388321936425753,0.2721655269759086,0.1290994448735805,0.25,0.8333333333333333
1.0,0.4166666666666667,0.5920474583051322,0.523782800878924,0.4629100498862757,0.4166666666666667,0.9305555555555556
0.0,0.6470588235294118,0.6906540384404737,0.5490666834794805,0.5715476066494082,0.6470588235294118,0.7303921568627452
1.0,0.7,0.780936347194021,0.7332959212304938,0.7349684152591671,0.7,0.9027777777777778
1.0,0.4736842105263157,0.6044646082790234,0.4871392896287467,0.1690308509457033,0.4736842105263157,0.8125
0.0,0.1875,0.3977272727272727,0.2231404958677686,0.0,0.1875,0.9393939393939394
1.0,0.625,0.7075812960012985,0.7356913959435434,0.3202563076101743,0.5882352941176471,0.9476190476190476
1.0,0.3888888888888889,0.5401475394651972,0.5185629788417315,0.0,0.3888888888888889,0.8666666666666667
1.0,0.75,0.8026137663344013,0.6479494761513062,0.2335496832484568,0.75,0.7828054298642534
1.0,0.8181818181818182,0.8469658900323092,0.7400733003272381,0.1259881576697424,0.8181818181818182,0.8181818181818182
1.0,0.7777777777777778,0.8518518518518517,0.8749999999999998,0.8333333333333335,0.7777777777777778,1.0
1.0,0.4166666666666667,0.5679072043706076,0.4700096710803841,0.0,0.4166666666666667,0.9444444444444444
0.0,0.5625,0.6375754538144587,0.5251509076289174,0.3698001308168194,0.5625,0.7818181818181817
1.0,0.4615384615384615,0.6239200737091456,0.5692099788303083,0.0,0.4615384615384615,0.9333333333333332
1.0,0.8461538461538461,0.8974358974358975,0.9166666666666669,0.5999999999999999,0.8461538461538461,1.0
1.0,0.5,0.6263496909971774,0.6786775931184627,0.4447495899966607,0.5,0.9583333333333334
1.0,0.7142857142857143,0.7657234882622693,0.7445134596131822,0.4564354645876384,0.7142857142857143,0.8690476190476191
1.0,0.6,0.658198889747161,0.4647580015448899,0.5241424183609592,0.6,0.6
1.0,0.6666666666666666,0.7426900584795321,0.706371191135734,0.4383570037596046,0.6666666666666666,0.913312693498452
1.0,0.25,0.4416526371281019,0.282842712474619,0.0,0.25,0.8
1.0,0.5625,0.6471655269759087,0.4898979485566355,0.294174202707276,0.5625,0.7
1.0,0.6521739130434783,0.75101037471249,0.7115124735378853,0.5303300858899107,0.6521739130434783,0.9166666666666666
1.0,0.7692307692307693,0.8319628820726256,0.7978559231302818,0.6324555320336759,0.7692307692307693,0.9242424242424244
1.0,0.7142857142857143,0.7452595937890013,0.5919520587167549,0.2773500981126146,0.7142857142857143,0.7575757575757576
1.0,0.3888888888888889,0.5795155668694335,0.5173371122933585,0.2860387767736776,0.3888888888888889,0.9551282051282052
0.0,0.2666666666666666,0.4505050505050504,0.371900826446281,0.0,0.2666666666666666,0.9191919191919192
0.0,0.4444444444444444,0.6049029962204802,0.5290400570128866,0.0912870929175276,0.4444444444444444,0.9047619047619048
1.0,0.5454545454545454,0.677906044163718,0.6285393610547089,0.3086066999241838,0.5454545454545454,0.9166666666666666
1.0,0.4375,0.5455316742081449,0.455621301775148,0.2010075630518424,0.3529411764705882,0.916083916083916
1.0,0.9166666666666666,0.8188696788896234,0.7643803118869156,0.9534625892455924,0.6428571428571429,0.935897435897436
0.0,0.25,0.5,0.3999999999999999,0.2499999999999999,0.25,1.0
1.0,0.6470588235294118,0.7647058823529411,0.7857142857142857,0.4166666666666667,0.6470588235294118,1.0
1.0,0.4761904761904761,0.6189594626043485,0.6120563724821229,0.2666666666666666,0.4347826086956521,1.0
1.0,0.5789473684210527,0.6494880506280667,0.5138701197773616,0.5685352436149612,0.5789473684210527,0.6769230769230768
0.0,0.48,0.6273181485764295,0.5531726674375732,0.3042903097250923,0.48,0.8941176470588235
1.0,0.375,0.5273500981126146,0.3840232127713124,0.3418817293789138,0.375,0.7948717948717949
1.0,0.7333333333333333,0.8222222222222221,0.8947368421052629,0.5384615384615385,0.7333333333333333,1.0
1.0,0.4666666666666667,0.6154014208362035,0.5325080420189114,0.0,0.4666666666666667,0.8833333333333334
1.0,0.6111111111111112,0.6941770747456095,0.661257115273972,0.447213595499958,0.6111111111111112,0.8487394957983194
1.0,0.75,0.8012320380383547,0.7832032988997221,0.3202563076101743,0.75,0.942857142857143
1.0,0.3333333333333333,0.5161945901182877,0.3919631571947541,0.0,0.3333333333333333,0.873015873015873
0.0,0.3333333333333333,0.5241520421499931,0.5148697981926198,0.1767766952966369,0.3333333333333333,0.9444444444444444
1.0,0.5652173913043478,0.6585296791124039,0.5231907291176532,0.6362847629757777,0.5652173913043478,0.7523809523809524
1.0,0.8571428571428571,0.8636665739349745,0.8140915784106942,0.6689936080056726,0.8571428571428571,0.8666666666666667
1.0,0.5882352941176471,0.7133648999649087,0.6883029368995941,0.0870388279778489,0.5882352941176471,0.945054945054945
1.0,0.6153846153846154,0.7280772733382744,0.6934273376331581,0.5892556509887895,0.6153846153846154,0.9272727272727272
1.0,0.75,0.8103164454170875,0.7447594690010102,0.7526178090063818,0.75,0.8769230769230769
1.0,0.5454545454545454,0.6425230391477221,0.5019960159204453,0.6324555320336759,0.5454545454545454,0.7428571428571429
0.0,0.7857142857142857,0.8046978040154618,0.7259881703784242,0.5262348115842176,0.7857142857142857,0.8
1.0,0.6666666666666666,0.7683862163802945,0.7558641345169833,0.6454972243679028,0.6666666666666666,0.954248366013072
0.0,0.2352941176470588,0.4013071895424836,0.3948717948717948,0.0,0.2352941176470588,0.93006993006993
1.0,0.5789473684210527,0.6774564563457705,0.5658365267145452,0.3113995776646092,0.5789473684210527,0.8009049773755657
1.0,0.4166666666666667,0.5920474583051322,0.523782800878924,0.1543033499620919,0.4166666666666667,0.9305555555555556
1.0,0.7,0.765078226410524,0.717075680011669,0.4518480570575319,0.6190476190476191,0.9575163398692812
0.0,0.1111111111111111,0.3986504044475059,0.1711632992203644,0.0,0.1111111111111111,0.9875
0.0,0.4375,0.5840193397690098,0.4722620103960926,0.3198010745334156,0.4375,0.8384615384615385
1.0,0.6470588235294118,0.7456422295469624,0.7218381724612674,0.7715167498104596,0.6470588235294118,0.8928571428571429
1.0,0.3333333333333333,0.5555555555555555,0.4999999999999999,0.3749999999999999,0.3333333333333333,1.0
1.0,0.75,0.7880805404834083,0.4545686450484949,0.545544725589981,0.75,0.6428571428571429
1.0,0.3571428571428571,0.554323004112076,0.4743416490252569,0.0,0.3571428571428571,0.9444444444444444
1.0,0.6363636363636364,0.712121212121212,0.6666666666666669,0.3125,0.5,1.0
1.0,0.9230769230769232,0.9356409229947896,0.8868636210743289,0.3813850356982369,0.9230769230769232,0.9230769230769232
1.0,0.8,0.8314757303333055,0.7155417527999328,0.8770580193070293,0.8,0.8
1.0,0.5,0.6545413705531439,0.6194726432096347,0.4351941398892446,0.5,0.9505494505494506
1.0,0.5714285714285714,0.6396000280077392,0.5871365639519862,0.3162277660168379,0.4666666666666667,0.946969696969697
0.0,0.5,0.6666666666666666,0.6666666666666666,0.3846153846153847,0.5,1.0
1.0,0.5454545454545454,0.6660579332118819,0.5736012414676153,0.4618802153517005,0.5454545454545454,0.8128342245989305
1.0,0.3076923076923077,0.4840148806395636,0.3346640106136302,0.1581138830084189,0.3076923076923077,0.8285714285714286
1.0,0.8666666666666667,0.8817528165819875,0.8372795453353898,0.5604485383178051,0.8125,0.938095238095238
0.0,0.3,0.5242424242424242,0.4285714285714285,0.0,0.2727272727272727,1.0
0.0,0.5714285714285714,0.6355152101663927,0.4581621289927275,0.545544725589981,0.5333333333333333,0.6825396825396826
1.0,0.5,0.6567141667151106,0.6277392647999206,0.6210590034081188,0.5,0.9595588235294118
0.0,0.1851851851851851,0.4313769336912571,0.2886751345948128,0.0,0.1851851851851851,0.9444444444444444
1.0,0.75,0.8178208630818641,0.7801057548373027,0.3535533905932737,0.75,0.9181818181818182
1.0,0.5333333333333333,0.6746979248076683,0.6382847385042254,0.1054092553389459,0.5333333333333333,0.9393939393939392
1.0,0.5,0.6399554036692666,0.5660715144663384,0.502518907629606,0.5,0.8881118881118881
0.0,0.36,0.5326254083801159,0.4057411124598246,0.2545139051903111,0.36,0.8285714285714285
1.0,0.7777777777777778,0.8435241415018143,0.755722417455968,0.2760262237369417,0.7777777777777778,0.9485294117647058
1.0,0.8333333333333334,0.8418803418803419,0.8181818181818182,0.6666666666666666,0.6923076923076923,1.0
1.0,0.4545454545454545,0.6363636363636364,0.625,0.0,0.4545454545454545,1.0
1.0,0.6,0.7015113445777637,0.5922544268491785,0.1924500897298752,0.6,0.8246753246753247
1.0,0.5454545454545454,0.6425230391477221,0.5019960159204453,0.3162277660168379,0.5454545454545454,0.7428571428571429
1.0,0.4615384615384615,0.6239200737091456,0.5692099788303083,0.0,0.4615384615384615,0.9333333333333332
1.0,0.6521739130434783,0.7681159420289854,0.8181818181818182,0.5000000000000001,0.6521739130434783,1.0
0.0,0.625,0.6807971639021657,0.5182226234930312,0.5345224838248488,0.5882352941176471,0.7159090909090909
0.0,0.3333333333333333,0.5039403071317278,0.3622089663122213,0.0,0.3333333333333333,0.8285714285714285
1.0,0.3076923076923077,0.4840148806395636,0.3346640106136302,0.1581138830084189,0.3076923076923077,0.8285714285714286
1.0,0.75,0.7946278254943948,0.7733980419227864,0.6943650748294137,0.75,0.8839285714285714
1.0,0.5789473684210527,0.6977696945118635,0.6430973633517713,0.1543033499620919,0.5789473684210527,0.9017857142857144
1.0,0.75,0.7886751345948128,0.649519052838329,0.5976143046671968,0.75,0.75
1.0,0.5263157894736842,0.6729077873422215,0.6440611887195307,0.3202563076101743,0.5263157894736842,0.9523809523809524
1.0,0.4166666666666667,0.561721842588412,0.4124789556921527,0.0,0.3846153846153846,0.7916666666666667
1.0,0.6470588235294118,0.7416889944366954,0.6826961799175927,0.5853694070049636,0.6470588235294118,0.8871794871794871
0.0,0.3571428571428571,0.554323004112076,0.4743416490252569,0.0,0.3571428571428571,0.9444444444444444
1.0,0.25,0.4388321936425753,0.2721655269759087,0.0,0.25,0.8333333333333333
1.0,0.5652173913043478,0.7101449275362318,0.7222222222222223,0.4375,0.5652173913043478,1.0
1.0,0.8,0.8486351009756392,0.7965518340437197,0.8140915784106942,0.8,0.9009287925696594
1.0,0.5909090909090909,0.717881165875244,0.7018738391943418,0.3227486121839514,0.5909090909090909,0.9575163398692812
1.0,0.5,0.6511541964151975,0.6067489204290133,0.0,0.5,0.9363636363636364
1.0,0.6666666666666666,0.7777777777777777,0.7999999999999998,0.0,0.6666666666666666,1.0
1.0,0.6666666666666666,0.7571758402554917,0.680448531544916,0.4564354645876384,0.6666666666666666,0.8809523809523809
0.0,0.44,0.5887287532475226,0.4766043749875995,0.2452557357939863,0.44,0.8363095238095238
1.0,0.35,0.554541370553144,0.4818120558297158,0.2611164839335467,0.35,0.9615384615384616
1.0,0.5,0.5992413450724885,0.4351222010277085,0.5962847939999439,0.5,0.6883116883116883
1.0,0.3846153846153846,0.5545526534102284,0.447213595499958,0.4330127018922193,0.3846153846153846,0.875
1.0,0.7333333333333333,0.7828612567849546,0.6614378277661477,0.50709255283711,0.7333333333333333,0.75
1.0,0.5384615384615384,0.6604857035521227,0.5756125669211851,0.3779644730092272,0.5384615384615384,0.8585858585858586
1.0,0.8888888888888888,0.925925925925926,0.9411764705882352,0.6666666666666666,0.8888888888888888,1.0
1.0,0.6428571428571429,0.6980554563895763,0.4850712500726659,0.2096569673443836,0.6428571428571429,0.6
0.0,0.3846153846153846,0.5761047605901101,0.5122781719918817,0.0,0.3703703703703703,0.9707602339181286
0.0,0.2608695652173913,0.4539690602838628,0.296529900147108,0.0,0.2608695652173913,0.8529411764705883
0.0,0.5384615384615384,0.6923076923076922,0.6999999999999998,0.6249999999999999,0.5384615384615384,1.0
1.0,0.375,0.5542903097250923,0.4564354645876384,0.1118033988749894,0.375,0.9
1.0,0.6363636363636364,0.7223848212423962,0.6260990336999411,0.5773502691896258,0.6363636363636364,0.825
1.0,0.6666666666666666,0.745955789022208,0.6578429336242116,0.7559289460184544,0.6666666666666666,0.8383838383838385
0.0,0.3076923076923077,0.4840148806395636,0.3346640106136302,0.3162277660168379,0.3076923076923077,0.8285714285714286
1.0,0.8823529411764706,0.9215686274509804,0.9375,0.5714285714285714,0.8823529411764706,1.0
1.0,0.3333333333333333,0.5364919027495767,0.3535533905932738,0.2041241452319315,0.3333333333333333,0.875
1.0,0.4444444444444444,0.5598194346436612,0.3952847075210474,0.1889822365046136,0.4444444444444444,0.7
1.0,0.7777777777777778,0.812490886414584,0.6859355250908198,0.8451542547285165,0.7777777777777778,0.7777777777777778
1.0,0.3703703703703703,0.5542317288233432,0.4609772228646443,0.1217161238900369,0.3703703703703703,0.9117647058823528
1.0,0.375,0.5542903097250923,0.4564354645876385,0.3466876226407682,0.375,0.9
1.0,0.4117647058823529,0.5327086936687296,0.3614784456460255,0.2096569673443836,0.4117647058823529,0.6888888888888889
1.0,0.6875,0.7464531352590263,0.6883029368995941,0.5222329678670935,0.5882352941176471,0.945054945054945
1.0,0.3636363636363636,0.5145897694001511,0.3628873693012115,0.3779644730092272,0.3636363636363636,0.7777777777777778
1.0,0.5789473684210527,0.6891344435761179,0.6252871582967959,0.4447495899966607,0.5789473684210527,0.9541666666666668
1.0,0.3888888888888889,0.5547276794018986,0.4432026302139591,0.2886751345948128,0.3888888888888889,0.8636363636363636
1.0,0.3846153846153846,0.5223182681494116,0.3626018341897571,0.2981423969999719,0.3846153846153846,0.7402597402597402
1.0,0.8235294117647058,0.8632892883704916,0.8838834764831844,0.2142857142857142,0.8235294117647058,1.0
1.0,0.6923076923076923,0.764197314307058,0.7180703308172536,0.4216370213557839,0.6428571428571429,0.9318181818181818
1.0,0.3636363636363636,0.5542290246554042,0.4677071733467426,0.3651483716701107,0.3636363636363636,0.9285714285714286
0.0,0.5,0.6214138738167416,0.4545686450484949,0.2182178902359924,0.5,0.7222222222222222
1.0,0.6666666666666666,0.7725969261086995,0.7571332305895535,0.0870388279778489,0.6875,0.9395604395604396
0.0,0.375,0.5542903097250923,0.4564354645876384,0.2886751345948129,0.375,0.9
1.0,0.3333333333333333,0.5555555555555555,0.4999999999999999,0.1249999999999999,0.3333333333333333,1.0
1.0,0.5833333333333334,0.7091451964990633,0.727855244568578,0.2357022603955158,0.5833333333333334,0.9272727272727272
0.0,0.4,0.5844875297485307,0.5200705032248685,0.0,0.4,0.9454545454545454
1.0,0.3636363636363636,0.5145897694001511,0.3628873693012115,0.0,0.3636363636363636,0.7777777777777778
0.0,0.4705882352941176,0.6062344598469308,0.4826397999239062,0.1849000654084097,0.4705882352941176,0.806060606060606
0.0,0.2962962962962963,0.5093052949791664,0.3982759170218598,0.3131121455425747,0.2857142857142857,0.9504643962848296
1.0,0.3846153846153846,0.4776999139087147,0.346713668816579,0.0,0.2857142857142857,0.8636363636363636
0.0,0.6,0.6759457847949052,0.4996589746107748,0.4974683381630911,0.6,0.6769230769230768
0.0,0.25,0.4784714488978284,0.3507803800100569,0.1825741858350553,0.25,0.9464285714285714
1.0,0.6428571428571429,0.7209241016737717,0.6071940133664049,0.4264014327112208,0.6428571428571429,0.7923076923076923
1.0,0.7,0.780936347194021,0.7332959212304936,0.3086066999241838,0.7,0.9027777777777778
0.0,0.3076923076923077,0.4840148806395636,0.3346640106136302,0.1581138830084189,0.3076923076923077,0.8285714285714286
1.0,0.8823529411764706,0.9215686274509804,0.9375,0.5,0.8823529411764706,1.0
1.0,0.8235294117647058,0.8177456156533195,0.6939592805087877,0.521749194749951,0.7222222222222222,0.8361344537815125
1.0,0.5454545454545454,0.6640120682294189,0.6718930234318342,0.5636018619766345,0.5454545454545454,0.9195046439628484
0.0,0.2777777777777778,0.5043275544372979,0.3989279615651409,0.0,0.2777777777777778,0.9621212121212122
1.0,0.875,0.8753184817558912,0.8215261750060889,0.4830458915396479,0.8235294117647058,0.9485294117647058
1.0,0.4210526315789473,0.5639370315359383,0.6734510614587602,0.0648203723552164,0.4210526315789473,0.9632352941176472
1.0,0.6428571428571429,0.7290169061587887,0.5898930887958853,0.5547001962252291,0.6666666666666666,0.7575757575757576
1.0,0.5,0.5904630719466233,0.3889087296526011,0.6285393610547089,0.5,0.5909090909090909
1.0,0.4615384615384615,0.6239200737091456,0.5692099788303083,0.1336306209562121,0.4615384615384615,0.9333333333333332
1.0,0.3076923076923077,0.4840148806395636,0.3346640106136302,0.3162277660168379,0.3076923076923077,0.8285714285714286
1.0,0.7333333333333333,0.8124640033536058,0.7726181304565692,0.5222329678670935,0.7333333333333333,0.9395604395604396
0.0,0.3157894736842105,0.4510889279518178,0.3157384284630766,0.1889822365046136,0.3157894736842105,0.775
1.0,0.4210526315789473,0.5838712856813811,0.5659164584181103,0.0,0.4210526315789473,0.961904761904762
1.0,0.5625,0.6704684201426394,0.5698319531322331,0.4811252243246881,0.5625,0.8246753246753247
1.0,0.4,0.4989881801842453,0.3017171309818215,0.3692744729379982,0.3125,0.7596153846153846
1.0,0.6428571428571429,0.7371781284956125,0.7715167498104596,0.3999999999999999,0.6428571428571429,1.0
0.0,0.6,0.6812204959107024,0.4601789933084222,0.196116135138184,0.6,0.7
1.0,0.75,0.82394177193585,0.8098544298396251,0.5809475019311126,0.75,0.9509803921568628
0.0,0.4705882352941176,0.6339817978062529,0.5912424140495526,0.2860387767736776,0.4705882352941176,0.9487179487179488
1.0,0.3571428571428571,0.554323004112076,0.4743416490252569,0.1336306209562121,0.3571428571428571,0.9444444444444444
1.0,0.625,0.7178987047050214,0.4841229182759272,0.4082482904638631,0.625,0.7916666666666666
1.0,0.6923076923076923,0.765828771263554,0.6846531968814576,0.6708203932499369,0.6923076923076923,0.85
0.0,0.5217391304347826,0.6460717009916094,0.5650969529085871,0.5009794328681195,0.5217391304347826,0.9256965944272444
1.0,0.4285714285714285,0.5608238689090813,0.4909543094776386,0.1432229748078866,0.3636363636363636,0.9372549019607844
0.0,0.1739130434782608,0.4371500662053177,0.2753211747598376,0.0,0.1739130434782608,0.978021978021978
1.0,0.5,0.6314757303333053,0.5366563145999496,0.1443375672974064,0.5,0.85
1.0,0.7777777777777778,0.8101244402784206,0.601629059630956,0.560112033611204,0.7777777777777778,0.7368421052631579
1.0,0.4,0.6,0.5714285714285714,0.0,0.4,1.0
1.0,0.7058823529411765,0.768569045620484,0.7261843774138907,0.592999453328881,0.631578947368421,0.95
0.0,0.5,0.605498860309242,0.4536092116265145,0.1889822365046136,0.5,0.7222222222222222
0.0,0.3333333333333333,0.5039403071317278,0.3622089663122213,0.0,0.3333333333333333,0.8285714285714285
1.0,0.5789473684210527,0.6977696945118635,0.6430973633517713,0.1543033499620919,0.5789473684210527,0.9017857142857144
1.0,0.6470588235294118,0.7416889944366954,0.6826961799175927,0.4181210050035454,0.6470588235294118,0.8871794871794871
1.0,0.8181818181818182,0.8469658900323092,0.7400733003272381,0.3779644730092272,0.8181818181818182,0.8181818181818182
1.0,0.6428571428571429,0.7477137978235414,0.7180703308172536,0.3162277660168379,0.6428571428571429,0.9318181818181818
0.0,0.3571428571428571,0.5223628599027187,0.3876376661011099,0.0,0.3571428571428571,0.8295454545454546
1.0,0.4166666666666667,0.5566644532891364,0.4183300132670377,0.3162277660168379,0.4166666666666667,0.7857142857142857
1.0,1.0,0.9803921568627452,1.0,0.8461538461538463,1.0,1.0
1.0,0.4285714285714285,0.5872256302920493,0.4933822002181587,0.2519763153394848,0.4285714285714285,0.8787878787878788
0.0,0.375,0.5833333333333334,0.5454545454545454,0.1111111111111111,0.375,1.0
1.0,0.5,0.6150514182428389,0.4829452884162951,0.6123724356957945,0.5,0.7714285714285714
0.0,0.35,0.5314757303333053,0.4173993557999608,0.2631174057921088,0.35,0.8833333333333333
1.0,0.3333333333333333,0.4972081926836573,0.4124789556921527,0.1543033499620919,0.3333333333333333,0.9375
1.0,0.6,0.7333333333333334,0.75,0.5,0.6,1.0
1.0,0.6111111111111112,0.7294380017671728,0.7084673075914837,0.4003203845127179,0.6111111111111112,0.9476190476190476
1.0,0.3636363636363636,0.5542290246554042,0.4677071733467426,0.0,0.3636363636363636,0.9285714285714286
1.0,0.4,0.528154846850912,0.3620605571781858,0.492365963917331,0.4,0.7115384615384616
0.0,0.5882352941176471,0.6688426482915278,0.492337941928206,0.6885303726590962,0.5882352941176471,0.679144385026738
1.0,0.3333333333333333,0.5161945901182877,0.3919631571947541,0.0,0.3333333333333333,0.873015873015873
1.0,0.2666666666666666,0.4620453995852583,0.3101101328808879,0.0,0.2666666666666666,0.8636363636363636
1.0,0.35,0.5097187325296167,0.3627558364451218,0.0,0.35,0.8011363636363636
1.0,0.75,0.816227766016838,0.8432740427115678,0.625,0.75,1.0
1.0,0.4736842105263157,0.6044646082790234,0.4871392896287467,0.253546276418555,0.4736842105263157,0.8125
1.0,0.5294117647058824,0.6383907893298133,0.5138093031466051,0.3698001308168194,0.5294117647058824,0.7818181818181817
1.0,0.5652173913043478,0.7101449275362318,0.7222222222222223,0.5,0.5652173913043478,1.0
1.0,0.7368421052631579,0.8146089035572159,0.7989408824726263,0.5520524474738834,0.7368421052631579,0.9485294117647058
1.0,0.6111111111111112,0.7294380017671728,0.7084673075914837,0.4803844614152615,0.6111111111111112,0.9476190476190476
1.0,0.44,0.6199859623374075,0.634745449542008,0.2858309752375147,0.44,0.968421052631579
1.0,0.5555555555555556,0.6590455049651833,0.5412658773652742,0.50709255283711,0.5555555555555556,0.7916666666666666
0.0,0.3333333333333333,0.4943877491981308,0.2551551815399144,0.3162277660168379,0.3333333333333333,0.6666666666666667
1.0,0.8333333333333334,0.888888888888889,0.9090909090909092,0.6666666666666666,0.8333333333333334,1.0
1.0,0.1764705882352941,0.4005365337540313,0.3857583749052298,0.0,0.1764705882352941,0.9333333333333332
0.0,0.5652173913043478,0.6826327348199416,0.7168924140438475,0.4451319072597257,0.5652173913043478,0.924812030075188
1.0,0.8333333333333334,0.8352710194483134,0.8341810284139052,0.4767312946227962,0.8333333333333334,0.9294871794871796
1.0,0.55,0.6691617376576767,0.5871963142766665,0.447213595499958,0.55,0.8613445378151261
1.0,0.3333333333333333,0.5555555555555555,0.4999999999999999,0.0,0.3333333333333333,1.0
1.0,0.5555555555555556,0.6764132553606238,0.6428571428571429,0.5000000000000001,0.4736842105263157,1.0
1.0,0.5263157894736842,0.6493803684270781,0.6431196942844082,0.2223747949983303,0.45,0.9583333333333334
0.0,0.2727272727272727,0.515151515151515,0.4285714285714285,0.1999999999999999,0.2727272727272727,1.0
0.0,0.2666666666666666,0.4940055437946156,0.3794733192202055,0.0,0.2666666666666666,0.9555555555555556
0.0,0.2727272727272727,0.515151515151515,0.4285714285714285,0.0,0.2727272727272727,1.0
0.0,0.6521739130434783,0.7269013060317407,0.8016666523484705,0.3077935056255462,0.6521739130434783,0.9632034632034632
1.0,0.6842105263157895,0.7894736842105262,0.8125,0.6428571428571429,0.6842105263157895,1.0
0.0,0.2083333333333333,0.3994675422124127,0.2171488777696032,0.0,0.2083333333333333,0.8232323232323233
1.0,0.3333333333333333,0.5555555555555556,0.5000000000000001,0.0,0.3333333333333333,1.0
1.0,0.3333333333333333,0.5555555555555555,0.4999999999999999,0.0,0.3333333333333333,1.0
1.0,0.4705882352941176,0.609193910338718,0.5065172916730961,0.3849001794597505,0.4705882352941176,0.8441558441558441
1.0,0.5555555555555556,0.6707460749634256,0.7067663637483653,0.2864459496157732,0.5555555555555556,0.9058823529411764
1.0,0.6111111111111112,0.7184537239513031,0.6243797383564964,0.447213595499958,0.6111111111111112,0.8613445378151261
1.0,0.4,0.5844875297485307,0.5200705032248685,0.2357022603955158,0.4,0.9454545454545454
0.0,0.4615384615384615,0.6239200737091456,0.5692099788303083,0.1336306209562121,0.4615384615384615,0.9333333333333332
1.0,0.5333333333333333,0.6479082286578987,0.5397280118812489,0.4264014327112208,0.5333333333333333,0.8153846153846154
1.0,0.6,0.7333333333333334,0.75,0.5714285714285714,0.6,1.0
1.0,0.5454545454545454,0.6679841897233202,0.7826086956521741,0.1764705882352941,0.5454545454545454,1.0
0.0,0.3846153846153846,0.5215856204431953,0.3577708763999663,0.1443375672974064,0.2857142857142857,0.9
1.0,0.8421052631578947,0.8593432945374918,0.8491283894318518,0.5144957554275266,0.8421052631578947,0.9552631578947368
1.0,0.3333333333333333,0.5420232967556378,0.4737793696791343,0.0,0.3333333333333333,0.9444444444444444
1.0,0.3333333333333333,0.5555555555555556,0.5000000000000001,0.0,0.3333333333333333,1.0
1.0,0.5909090909090909,0.6799177635483266,0.6934026834107999,0.5457051563317492,0.5217391304347826,0.9619883040935672
0.0,0.375,0.5435682819759932,0.5137444934579879,0.4216370213557839,0.375,0.9545454545454546
1.0,0.4615384615384615,0.5919599294997883,0.4651651993213319,0.0,0.4615384615384615,0.7954545454545454
0.0,0.5238095238095238,0.6249297464958529,0.4788880058186116,0.2925089696508522,0.5238095238095238,0.7327935222672065
1.0,0.8333333333333334,0.859845865280648,0.7607257743127308,0.2236067977499789,0.8333333333333334,0.8333333333333334
1.0,0.7692307692307693,0.7992032985209563,0.7259881703784242,0.4385290096535146,0.7857142857142857,0.8
1.0,0.4,0.5553418012614796,0.4330127018922194,0.2041241452319315,0.4,0.8333333333333334
1.0,0.2727272727272727,0.4704933164129947,0.3247595264191645,0.0,0.2727272727272727,0.875
1.0,0.6842105263157895,0.7411823209811712,0.6630610140901583,0.2148344622118298,0.6,0.9058823529411764
1.0,0.8461538461538461,0.7886733523872153,0.6368304537746307,0.9045340337332908,0.6,0.8741258741258741
0.0,0.3181818181818182,0.4791218384261501,0.530074772811274,0.1432229748078866,0.3181818181818182,0.9372549019607844
0.0,0.4615384615384615,0.5935232829298225,0.5240234546021102,0.3337119062359572,0.4615384615384615,0.946969696969697
1.0,0.5789473684210527,0.6977696945118635,0.6430973633517713,0.4629100498862757,0.5789473684210527,0.9017857142857144
1.0,0.72,0.7991423692521128,0.8268688657895648,0.4499999999999999,0.72,1.0
1.0,0.44,0.6130554348875147,0.6414300546708109,0.0556414884074657,0.44,0.9348370927318296
1.0,0.5625,0.6952563076101743,0.6651477158057467,0.1906925178491184,0.5625,0.9423076923076924
1.0,0.4285714285714285,0.5888838170097019,0.5684428711789055,0.0,0.4285714285714285,0.9625
1.0,0.4117647058823529,0.607843137254902,0.5833333333333334,0.0,0.4117647058823529,1.0
1.0,0.7647058823529411,0.8216087037997891,0.7600241566884569,0.5400617248673217,0.7647058823529411,0.8839285714285714
1.0,0.4166666666666667,0.5920474583051322,0.523782800878924,0.1543033499620919,0.4166666666666667,0.9305555555555556
1.0,0.5555555555555556,0.661086387965079,0.5633673867912484,0.4029114820126901,0.5263157894736842,0.8557692307692307
1.0,0.8421052631578947,0.8853452807077798,0.8638447251622667,0.6454972243679028,0.8421052631578947,0.9477124183006536
1.0,0.8421052631578947,0.8853452807077798,0.8638447251622667,0.7745966692414834,0.8421052631578947,0.9477124183006536
1.0,0.5,0.6666666666666666,0.6666666666666666,0.1428571428571428,0.5,1.0
1.0,0.6,0.6939723678960656,0.5879447357921312,0.0,0.6,0.8095238095238095
1.0,0.6,0.6466466911319811,0.5919520587167549,0.3698001308168194,0.6,0.7575757575757576
1.0,0.5,0.6162915625423885,0.727606875108999,0.5720775535473553,0.5,0.9423076923076924
0.0,0.3888888888888889,0.5251672709984144,0.5128225940683707,0.0845154254728516,0.3888888888888889,0.8333333333333334
1.0,0.3846153846153846,0.5545526534102284,0.447213595499958,0.4330127018922193,0.3846153846153846,0.875
1.0,0.4117647058823529,0.5974974006715382,0.5504167329230252,0.0,0.4117647058823529,0.9551282051282052
1.0,0.4166666666666667,0.5566644532891364,0.4183300132670377,0.1581138830084189,0.4166666666666667,0.7857142857142857
0.0,0.4,0.5553418012614796,0.4330127018922193,0.0,0.4,0.8333333333333334
1.0,0.8333333333333334,0.859845865280648,0.7607257743127308,0.2886751345948129,0.8333333333333334,0.8333333333333334
1.0,0.4090909090909091,0.5607707868683977,0.4409585518440984,0.1443375672974064,0.391304347826087,0.8571428571428571
1.0,0.4285714285714285,0.5872256302920493,0.4933822002181587,0.2519763153394848,0.4285714285714285,0.8787878787878788
0.0,0.7692307692307693,0.824220090485122,0.7246028634118791,0.6030226891555273,0.7692307692307693,0.8601398601398602
1.0,0.5,0.6173376224100862,0.59336610396393,0.4029114820126901,0.5,0.8557692307692307
1.0,0.6923076923076923,0.7255357309705136,0.6085806194501846,0.1118033988749894,0.5714285714285714,0.8666666666666666
1.0,0.4736842105263157,0.6491228070175438,0.6428571428571429,0.1666666666666666,0.4736842105263157,1.0
0.0,0.2307692307692307,0.444803340827477,0.3055050463303893,0.1581138830084189,0.2307692307692307,0.8714285714285714
1.0,0.5,0.6545413705531439,0.6194726432096347,0.3481553119113957,0.5,0.9505494505494506
1.0,0.7058823529411765,0.7710508415827836,0.676040864149498,0.4834937784152281,0.7058823529411765,0.8269230769230769
1.0,0.4615384615384615,0.5919599294997883,0.4651651993213319,0.1360827634879543,0.4615384615384615,0.7954545454545454
1.0,0.5625,0.6952563076101743,0.6651477158057467,0.4767312946227962,0.5625,0.9423076923076924
1.0,0.85,0.8911095089281917,0.8708728923861988,0.9095085938862486,0.85,0.9502923976608189
0.0,0.5,0.648635100975639,0.6382406023209302,0.0,0.5,0.9137254901960784
1.0,0.2727272727272727,0.515151515151515,0.4285714285714285,0.0,0.2727272727272727,1.0
1.0,0.6153846153846154,0.6835536075063846,0.6306858398076332,0.6396021490668313,0.6153846153846154,0.7923076923076923
1.0,0.4666666666666667,0.584845865280648,0.4564354645876384,0.3354101966249684,0.375,0.9
1.0,0.5833333333333334,0.7051166549057268,0.6640783086353597,0.1336306209562121,0.5833333333333334,0.9222222222222222
0.0,0.3181818181818182,0.4921772289268141,0.345951550171626,0.3265986323710904,0.3181818181818182,0.8284313725490196
0.0,0.6428571428571429,0.695832670483853,0.5154323951168185,0.6546536707079772,0.6428571428571429,0.6428571428571429
1.0,0.3333333333333333,0.5555555555555556,0.5000000000000001,0.0,0.3333333333333333,1.0
1.0,0.5,0.6579096637067651,0.6275987638080028,0.2223747949983303,0.5,0.9583333333333334
1.0,0.6190476190476191,0.7218404238660686,0.6431685185902933,0.3241018617760822,0.6190476190476191,0.8717105263157895
1.0,0.4615384615384615,0.5622798463009655,0.3818813079129867,0.0,0.4615384615384615,0.6428571428571429
1.0,0.6190476190476191,0.7024370686947427,0.6285393610547089,0.4677071733467426,0.5454545454545454,0.9166666666666666
0.0,0.3333333333333333,0.5108973568170351,0.3788861141556919,0.0,0.3333333333333333,0.8541666666666666
1.0,0.5384615384615384,0.6604857035521227,0.5756125669211851,0.2519763153394848,0.5384615384615384,0.8585858585858586
1.0,1.0,0.9166666666666666,0.857142857142857,0.5999999999999999,0.75,1.0
1.0,0.5294117647058824,0.6862745098039215,0.6923076923076924,0.6363636363636364,0.5294117647058824,1.0
0.0,0.7058823529411765,0.7710508415827836,0.676040864149498,0.8058229640253802,0.7058823529411765,0.8269230769230769
1.0,0.625,0.7200606848727356,0.6161232369723244,0.1754116038614058,0.625,0.8333333333333333
1.0,0.75,0.8058876451607491,0.724470738538616,0.4537426064865151,0.75,0.8519736842105263
1.0,0.5909090909090909,0.672440866676422,0.5991292186611694,0.3678836036909794,0.5909090909090909,0.7916666666666666
1.0,0.8181818181818182,0.8282828282828283,0.8461538461538463,0.5555555555555556,0.6666666666666666,1.0
1.0,0.8125,0.8437010148371148,0.7047468123977122,0.7216878364870323,0.8125,0.7777777777777778
1.0,0.3636363636363636,0.5757575757575757,0.5333333333333332,0.1538461538461538,0.3636363636363636,1.0
1.0,0.6666666666666666,0.7647007520546186,0.7390530175619408,0.4767312946227962,0.6666666666666666,0.935897435897436
1.0,0.3636363636363636,0.5145897694001511,0.3628873693012115,0.0,0.3636363636363636,0.7777777777777778
0.0,0.45,0.5566995908768849,0.3872983346207417,0.2371708245126284,0.3809523809523809,0.7777777777777778
0.0,0.3333333333333333,0.5237335667999858,0.4111518335151322,0.1259881576697424,0.3333333333333333,0.898989898989899
0.0,0.6111111111111112,0.7078700136960733,0.6197041254703731,0.3223291856101521,0.6111111111111112,0.8413461538461539
0.0,0.3809523809523809,0.5759988483280193,0.5152489509756245,0.0800640769025435,0.3809523809523809,0.961904761904762
0.0,0.375,0.5168802563418119,0.4311142602444655,0.1066003581778052,0.375,0.8615384615384616
1.0,0.7777777777777778,0.8124908864145842,0.6859355250908198,0.5773502691896258,0.7777777777777778,0.7777777777777778
1.0,0.4545454545454545,0.6363636363636364,0.6249999999999999,0.1666666666666666,0.4545454545454545,1.0
1.0,0.6666666666666666,0.7166099714203531,0.5443310539518172,0.3872983346207417,0.6666666666666666,0.6666666666666666
1.0,0.8,0.8486351009756392,0.7965518340437197,0.7514691493021793,0.8,0.9009287925696594
1.0,0.3333333333333333,0.5191791576804715,0.4008918628686366,0.1195228609334393,0.3333333333333333,0.8611111111111112
1.0,0.5384615384615384,0.6923076923076922,0.6999999999999998,0.3749999999999999,0.5384615384615384,1.0
1.0,0.6,0.7333333333333334,0.75,0.0,0.6,1.0
1.0,0.8,0.8666666666666667,0.8888888888888888,0.4285714285714285,0.8,1.0
1.0,0.7142857142857143,0.7579085610999817,0.603681610520369,0.4082482904638629,0.7142857142857143,0.7142857142857143
0.0,0.5,0.6511541964151975,0.6067489204290133,0.4714045207910316,0.5,0.9363636363636364
1.0,0.6875,0.7564757303333053,0.6559132733999384,0.6139406135149205,0.6875,0.8166666666666667
0.0,0.2941176470588235,0.5294117647058824,0.4545454545454545,0.2222222222222222,0.2941176470588235,1.0
1.0,0.7272727272727273,0.8010762508653227,0.758946638440411,0.2672612419124243,0.7272727272727273,0.9111111111111112
0.0,0.4545454545454545,0.6363636363636364,0.6249999999999999,0.0,0.4545454545454545,1.0
1.0,0.6875,0.7564757303333053,0.6559132733999384,0.0877058019307029,0.6875,0.8166666666666667
1.0,0.625,0.7089046691730697,0.7055460346226017,0.4181210050035454,0.625,0.8871794871794871
1.0,0.5625,0.6952563076101743,0.6651477158057467,0.6674238124719146,0.5625,0.9423076923076924
1.0,0.16,0.4071292729553324,0.2253469547164993,0.0,0.16,0.9423076923076924
0.0,0.5263157894736842,0.6729077873422215,0.6440611887195307,0.3202563076101743,0.5263157894736842,0.9523809523809524
0.0,0.3333333333333333,0.5069829365456656,0.4522670168666454,0.2142857142857142,0.3333333333333333,1.0
0.0,0.2857142857142857,0.4765149672498681,0.4290581651605166,0.0,0.2857142857142857,0.9555555555555556
1.0,0.7894736842105263,0.8405854700010386,0.7856742013183862,0.6681531047810609,0.7894736842105263,0.8958333333333334
0.0,0.2,0.4314757303333053,0.2683281572999748,0.0,0.2,0.925
1.0,0.75,0.7809757434745083,0.7414637675021745,0.76271276980969,0.75,0.8444444444444444
1.0,0.5333333333333333,0.6746979248076683,0.6382847385042254,0.1054092553389459,0.5333333333333333,0.9393939393939392
1.0,0.3333333333333333,0.5555555555555556,0.5000000000000001,0.0,0.3333333333333333,1.0
1.0,0.5,0.5948215135175787,0.4224039833745501,0.6154574548966638,0.5,0.6634615384615384
1.0,0.3571428571428571,0.554323004112076,0.4743416490252569,0.0589255650988789,0.3571428571428571,0.9444444444444444
1.0,0.375,0.5542903097250923,0.4564354645876384,0.0,0.375,0.9
1.0,0.4545454545454545,0.5612291927774642,0.3872983346207417,0.3535533905932737,0.4545454545454545,0.6666666666666666
1.0,0.631578947368421,0.7235477025699574,0.6405777973927272,0.5962847939999439,0.631578947368421,0.8487394957983194
1.0,0.7222222222222222,0.7839765524724917,0.6939592805087877,0.223606797749979,0.7222222222222222,0.8361344537815125
1.0,0.4736842105263157,0.6044646082790234,0.4871392896287467,0.1690308509457033,0.4736842105263157,0.8125
1.0,0.4285714285714285,0.5975190679454475,0.5261705700150855,0.3857583749052298,0.4285714285714285,0.9196428571428572
1.0,0.5555555555555556,0.6737359272189879,0.6888467201936644,0.4615384615384616,0.5263157894736842,1.0
1.0,0.6111111111111112,0.6679860607309314,0.4777275310931271,0.5,0.6111111111111112,0.6111111111111112
1.0,0.3333333333333333,0.5555555555555555,0.4999999999999999,0.1666666666666666,0.3333333333333333,1.0
1.0,0.625,0.6801898050140315,0.4941058844013092,0.4714045207910317,0.625,0.625
0.0,0.7857142857142857,0.8365409196205711,0.7423074889580903,0.4564354645876384,0.7857142857142857,0.8690476190476191
1.0,0.3846153846153846,0.5545526534102284,0.447213595499958,0.0,0.3846153846153846,0.875
0.0,0.5555555555555556,0.6590455049651833,0.5412658773652742,0.5916079783099616,0.5555555555555556,0.7916666666666666
0.0,0.35,0.5097187325296167,0.3627558364451218,0.0,0.35,0.8011363636363636
1.0,0.5,0.6666666666666666,0.6666666666666667,0.0,0.5,1.0
0.0,0.3888888888888889,0.5174581490064204,0.46475800154489,0.4385290096535146,0.3888888888888889,0.8833333333333333
0.0,0.6,0.6939723678960656,0.5879447357921312,0.3380617018914065,0.6,0.8095238095238095
1.0,0.6875,0.7832264781602988,0.8175764993178571,0.7412493166611013,0.6875,0.9458333333333332
1.0,0.6875,0.7564757303333053,0.6559132733999384,0.6139406135149205,0.6875,0.8166666666666667
1.0,0.6666666666666666,0.7274026736534994,0.6491394670090088,0.5962847939999439,0.6666666666666666,0.8487394957983194
1.0,0.6,0.7131121455425747,0.6630610140901583,0.4296689244236597,0.6,0.9058823529411764
1.0,0.6875,0.7832264781602988,0.8175764993178571,0.7412493166611013,0.6875,0.9458333333333332
0.0,0.3846153846153846,0.5223182681494116,0.3626018341897571,0.1490711984999859,0.3846153846153846,0.7402597402597402
0.0,0.2962962962962963,0.4780726680409219,0.2700402389936384,0.2480694691784169,0.2962962962962963,0.8303030303030303
1.0,0.6,0.6817180849095056,0.5433134494683322,0.7144345083117603,0.6,0.7428571428571429
1.0,0.5294117647058824,0.6332254363076261,0.5290400570128866,0.0912870929175276,0.4444444444444444,0.9047619047619048
1.0,0.6,0.7333333333333334,0.8333333333333335,0.4166666666666667,0.6,1.0
1.0,0.3181818181818182,0.4834850715914434,0.33521417934558,0.1556997888323046,0.3181818181818182,0.8733031674208145
1.0,0.4444444444444444,0.5598194346436612,0.3952847075210474,0.0,0.4444444444444444,0.7
1.0,0.631578947368421,0.7312140350451042,0.7909115788387001,0.4518480570575319,0.631578947368421,0.954248366013072
1.0,0.4761904761904761,0.6121136507531665,0.7030325145232891,0.5163977794943222,0.4761904761904761,0.96078431372549
1.0,0.625,0.7156950757150202,0.704852678471119,0.1740776559556978,0.625,0.945054945054945
1.0,0.25,0.4681780112444302,0.3289214668121058,0.0,0.25,0.9191919191919192
1.0,0.8333333333333334,0.8683271766411678,0.7462621134674254,0.6482037235521644,0.8333333333333334,0.8519736842105263
1.0,0.631578947368421,0.7438012437628988,0.7261843774138907,0.6671243849949912,0.631578947368421,0.95
0.0,0.44,0.6167405865296585,0.5692099788303083,0.5892556509887896,0.4615384615384615,0.9333333333333332
0.0,0.1875,0.4412277660168379,0.2846049894151541,0.0,0.1875,0.9666666666666668
1.0,0.2,0.4120806700023636,0.4105188049125719,0.0,0.2,0.9191919191919192
1.0,0.5833333333333334,0.7051166549057268,0.6640783086353597,0.4008918628686365,0.5833333333333334,0.9222222222222222
1.0,0.5454545454545454,0.677906044163718,0.6285393610547089,0.0,0.5454545454545454,0.9166666666666666
1.0,0.55,0.6912698412698411,0.6875,0.2857142857142857,0.5238095238095238,1.0
1.0,0.7058823529411765,0.7796232583944865,0.8266447676740516,0.7590721152765897,0.7058823529411765,0.9485294117647058
1.0,1.0,1.0,1.0,0.5555555555555556,1.0,1.0
1.0,0.4583333333333333,0.5942306901503683,0.4763139720814412,0.0653720450460613,0.4583333333333333,0.8166666666666668
1.0,0.52,0.6727439920296789,0.6505242640992094,0.2858309752375147,0.52,0.9657894736842104
1.0,0.7894736842105263,0.8405854700010386,0.7856742013183862,0.4008918628686366,0.7894736842105263,0.8958333333333334
0.0,0.3529411764705882,0.5251695698291603,0.3952847075210474,0.1020620726159657,0.3529411764705882,0.8285714285714285
0.0,0.3125,0.5261541964151975,0.4333920860207237,0.2357022603955158,0.3125,0.9545454545454546
1.0,0.6875,0.7795413705531439,0.7571332305895535,0.6963106238227914,0.6875,0.9395604395604396
1.0,0.4166666666666667,0.5920474583051322,0.523782800878924,0.0,0.4166666666666667,0.9305555555555556
1.0,0.5,0.6288749304960969,0.6140244641829741,0.2981423969999719,0.5263157894736842,0.8613445378151261
0.0,0.5714285714285714,0.7142857142857143,0.7272727272727273,0.3333333333333333,0.5714285714285714,1.0
0.0,0.5333333333333333,0.6479082286578987,0.5397280118812489,0.2132007163556104,0.5333333333333333,0.8153846153846154
1.0,0.5625,0.6646190527082135,0.5912424140495526,0.0953462589245592,0.4705882352941176,0.9487179487179488
1.0,0.5454545454545454,0.677906044163718,0.6285393610547089,0.0,0.5454545454545454,0.9166666666666666
1.0,0.5555555555555556,0.7037037037037036,0.7142857142857142,0.1999999999999999,0.5555555555555556,1.0
1.0,0.5625,0.6704684201426394,0.5698319531322331,0.4811252243246881,0.5625,0.8246753246753247
0.0,0.4285714285714285,0.5393429224651798,0.3604196416986389,0.3233808333817773,0.4285714285714285,0.6555023923444976
1.0,0.3571428571428571,0.554323004112076,0.4743416490252569,0.2672612419124243,0.3571428571428571,0.9444444444444444
1.0,0.6956521739130435,0.7723748158662128,0.7053867426838488,0.8029550685469661,0.6956521739130435,0.873015873015873
1.0,0.6666666666666666,0.7777777777777777,0.7999999999999999,0.7692307692307694,0.6666666666666666,1.0
1.0,0.75,0.792352673102343,0.7893522173763264,0.4124789556921527,0.75,0.9111111111111112
0.0,0.4,0.6,0.5714285714285714,0.3999999999999999,0.4,1.0
0.0,0.375,0.5273500981126146,0.3840232127713124,0.2279211529192759,0.375,0.7948717948717949
1.0,0.8571428571428571,0.8636665739349745,0.8140915784106942,0.7526178090063818,0.8571428571428571,0.8666666666666667
1.0,0.3333333333333333,0.5237335667999858,0.4111518335151322,0.1259881576697424,0.3333333333333333,0.898989898989899
1.0,0.875,0.8799019607843137,0.8666666666666666,0.6153846153846154,0.7647058823529411,1.0
0.0,0.3846153846153846,0.5545526534102284,0.447213595499958,0.0,0.3846153846153846,0.875
1.0,0.3809523809523809,0.56893864814261,0.4960783708246107,0.0771516749810459,0.3809523809523809,0.9285714285714286
1.0,0.76,0.8400000000000002,0.88,0.6666666666666666,0.76,1.0
1.0,0.5,0.6666666666666666,0.6666666666666666,0.2857142857142857,0.5,1.0
0.0,0.3214285714285714,0.5216038628621439,0.4148795005781799,0.0608580619450184,0.3214285714285714,0.9205882352941176
0.0,0.4782608695652174,0.5977272552215034,0.4601630145937415,0.5443310539518174,0.4782608695652174,0.7642857142857143
1.0,1.0,1.0,1.0000000000000002,0.5555555555555556,1.0,1.0
1.0,0.4285714285714285,0.5578798126901945,0.408248290463863,0.3162277660168379,0.4285714285714285,0.75
1.0,0.4117647058823529,0.5562278888310742,0.4225771273642583,0.2041241452319314,0.4117647058823529,0.8
0.0,0.8571428571428571,0.8735889896007629,0.8259635242795128,0.6092717958449424,0.8,0.934065934065934
1.0,0.55,0.6221920406879798,0.4804333480445453,0.2981423969999719,0.4090909090909091,0.8865546218487395
1.0,0.8823529411764706,0.9132409171009428,0.8636827628068207,0.6210590034081188,0.8823529411764706,0.9448529411764706
0.0,0.3846153846153846,0.5545526534102284,0.447213595499958,0.1443375672974064,0.3846153846153846,0.875
1.0,0.5882352941176471,0.69029925974507,0.596284793999944,0.5262348115842176,0.5882352941176471,0.8333333333333333
1.0,0.3636363636363636,0.5174102128856776,0.3535533905932738,0.1767766952966368,0.3636363636363636,0.7333333333333334
1.0,0.6666666666666666,0.7174187860622196,0.5172145420126267,0.7669649888473704,0.6666666666666666,0.631578947368421
1.0,0.6470588235294118,0.7647058823529411,0.7857142857142857,0.7500000000000001,0.6470588235294118,1.0
0.0,0.5,0.6545413705531439,0.6194726432096347,0.2611164839335467,0.5,0.9505494505494506
1.0,0.5789473684210527,0.7192982456140351,0.7333333333333333,0.3076923076923077,0.5789473684210527,1.0
0.0,0.625,0.7017790678158998,0.5108801396158207,0.5163977794943222,0.625,0.679144385026738
1.0,0.3333333333333333,0.5555555555555555,0.4999999999999999,0.2499999999999999,0.3333333333333333,1.0
1.0,0.8571428571428571,0.8704569804769249,0.8330077109204134,0.4351941398892446,0.8571428571428571,0.934065934065934
1.0,0.6428571428571429,0.7365280188628659,0.6142211114054491,0.4811252243246881,0.6428571428571429,0.8246753246753247
0.0,0.4666666666666667,0.5799376352290552,0.4396520051149294,0.4264014327112208,0.375,0.8615384615384616
1.0,0.6666666666666666,0.7328380820102445,0.8075021851842402,0.5604485383178051,0.6666666666666666,0.942857142857143
1.0,0.5238095238095238,0.6623184947489239,0.6078059295826451,0.3580574370197164,0.5238095238095238,0.9137254901960784
1.0,0.4117647058823529,0.5811318742575019,0.4953125751580461,0.1005037815259212,0.4117647058823529,0.902097902097902
1.0,0.25,0.3893843682603536,0.1781741612749496,0.2236067977499789,0.25,0.5
1.0,0.4761904761904761,0.6199553884513276,0.5338148311606059,0.2981423969999719,0.4761904761904761,0.8739495798319328
1.0,0.6428571428571429,0.7209241016737717,0.6071940133664049,0.0,0.6428571428571429,0.7923076923076923
1.0,0.3076923076923077,0.4952576317210349,0.5483446162604482,0.1336306209562121,0.3076923076923077,0.9444444444444444
0.0,0.375,0.5542903097250923,0.4564354645876384,0.2236067977499789,0.375,0.9
1.0,0.8461538461538461,0.8267161898890031,0.6867160602231617,0.5262348115842176,0.7142857142857143,0.8166666666666667
1.0,0.5555555555555556,0.7037037037037037,0.7142857142857143,0.1666666666666666,0.5555555555555556,1.0
1.0,0.6428571428571429,0.7209241016737717,0.6071940133664049,0.5330017908890261,0.6428571428571429,0.7923076923076923
1.0,0.7777777777777778,0.7813018025939215,0.6369401304414756,0.649519052838329,0.6842105263157895,0.7936507936507936
1.0,0.3333333333333333,0.5555555555555556,0.5000000000000001,0.1999999999999999,0.3333333333333333,1.0
1.0,0.3793103448275862,0.5699368069555047,0.4982422401583218,0.2782074420373285,0.3793103448275862,0.9448621553884712
0.0,0.3636363636363636,0.5145897694001511,0.3628873693012115,0.1889822365046136,0.3636363636363636,0.7777777777777778
1.0,0.3076923076923077,0.5193978856555596,0.4190262407031392,0.0,0.3076923076923077,0.9444444444444444
0.0,0.3157894736842105,0.5059947359321132,0.3798879687548221,0.2886751345948128,0.3157894736842105,0.8831168831168832
1.0,0.7142857142857143,0.7835497835497836,0.7777777777777779,0.5,0.6363636363636364,1.0
1.0,0.7058823529411765,0.7394604276394284,0.6197041254703731,0.6446583712203042,0.6111111111111112,0.8413461538461539
1.0,0.7142857142857143,0.7914922438327819,0.7467673444159872,0.5009794328681195,0.7142857142857143,0.9071207430340558
1.0,0.4444444444444444,0.5975283343346509,0.4841229182759272,0.2041241452319315,0.4444444444444444,0.8333333333333334
0.0,0.6666666666666666,0.745955789022208,0.6578429336242116,0.5039526306789696,0.6666666666666666,0.8383838383838385
1.0,0.5714285714285714,0.7043332143341582,0.6848064706908225,0.6210590034081188,0.5714285714285714,0.9558823529411764
1.0,0.2941176470588235,0.4825243809883222,0.4847546839651546,0.1005037815259212,0.2941176470588235,0.916083916083916
1.0,0.75,0.788675134594813,0.649519052838329,0.4225771273642583,0.75,0.75
1.0,0.4,0.5151186641666432,0.3312693299999689,0.0,0.4,0.6444444444444444
1.0,0.625,0.7252733665908505,0.6613000712661081,0.2236067977499789,0.625,0.8809523809523809
1.0,0.7857142857142857,0.844065831419698,0.8129583193181349,0.6527912098338668,0.7857142857142857,0.9294871794871796
1.0,0.8125,0.8636972610264321,0.8372795453353898,0.7205766921228922,0.8125,0.938095238095238
0.0,0.2272727272727272,0.4546846828105677,0.3395498750508661,0.0,0.2272727272727272,0.9761904761904762
0.0,0.35,0.5472473038649458,0.4663864705041101,0.083624201000709,0.35,0.9282051282051282
1.0,0.6,0.7333333333333334,0.7500000000000001,0.3999999999999999,0.6,1.0
1.0,0.7777777777777778,0.8004415802404304,0.7183160985976713,0.5728918992315464,0.6842105263157895,0.8980392156862744
1.0,0.35,0.5331127991245724,0.4129817621397564,0.0870388279778489,0.2857142857142857,0.9670329670329668
1.0,0.625,0.6934106214928114,0.5951700641394974,0.3651483716701107,0.5294117647058824,0.8928571428571429
1.0,0.4,0.6,0.5714285714285714,0.25,0.4,1.0
1.0,0.7058823529411765,0.7610284157105278,0.7084673075914837,0.6405126152203486,0.6111111111111112,0.9476190476190476
0.0,0.4,0.5844875297485307,0.5200705032248685,0.4714045207910316,0.4,0.9454545454545454
1.0,0.7142857142857143,0.7828125465264094,0.707589393082923,0.8040302522073697,0.7142857142857143,0.8601398601398602
1.0,0.7142857142857143,0.7828125465264094,0.707589393082923,0.3015113445777636,0.7142857142857143,0.8601398601398602
1.0,0.6666666666666666,0.7353343677647969,0.6630610140901583,0.4296689244236597,0.6,0.9058823529411764
1.0,0.9230769230769232,0.9356409229947896,0.8868636210743289,0.3813850356982369,0.9230769230769232,0.9230769230769232
0.0,0.4210526315789473,0.6019097916057755,0.5506423495196753,0.1740776559556978,0.4210526315789473,0.956043956043956
0.0,0.6666666666666666,0.7166099714203531,0.5443310539518174,0.7947194142390263,0.6666666666666666,0.6666666666666666
1.0,0.7692307692307693,0.8074483383149076,0.7576144084141581,0.4564354645876384,0.7692307692307693,0.8690476190476191
1.0,0.3846153846153846,0.5505844591175324,0.4278897493924015,0.0,0.3846153846153846,0.8295454545454546
1.0,0.4736842105263157,0.626105919101298,0.5585696017507576,0.083624201000709,0.4736842105263157,0.9076923076923076
1.0,0.5833333333333334,0.7173935126545138,0.6934273376331581,0.0,0.6153846153846154,0.9272727272727272
0.0,0.3846153846153846,0.5897435897435898,0.5555555555555556,0.2857142857142857,0.3846153846153846,1.0
1.0,0.5384615384615384,0.6311398859502676,0.4762896722078401,0.3872983346207417,0.5384615384615384,0.7083333333333334
1.0,0.4444444444444444,0.60490299622048,0.5290400570128865,0.2236067977499789,0.4444444444444444,0.9047619047619048
1.0,0.7692307692307693,0.7898383399480835,0.7180703308172536,0.6324555320336759,0.6428571428571429,0.9318181818181818
0.0,0.2777777777777778,0.5043275544372979,0.3989279615651409,0.3162277660168379,0.2777777777777778,0.9621212121212122
1.0,0.3636363636363636,0.5542290246554042,0.4677071733467426,0.0,0.3636363636363636,0.9285714285714286
1.0,0.6666666666666666,0.7562492266756062,0.701560760020114,0.5400617248673217,0.6666666666666666,0.8928571428571429
0.0,0.7,0.7758086778343225,0.6891091270610286,0.5185629788417315,0.7,0.8618421052631579
1.0,0.7368421052631579,0.8039996912610508,0.7023643420869886,0.3889222341312986,0.7368421052631579,0.8618421052631579
1.0,0.45,0.6004626062886658,0.5070306481121235,0.241746889207614,0.45,0.8701923076923077
1.0,0.7692307692307693,0.792726565055736,0.7643803118869156,0.6674238124719146,0.6428571428571429,0.935897435897436
0.0,0.3636363636363636,0.5145897694001512,0.3628873693012115,0.3952847075210474,0.3636363636363636,0.7777777777777778
1.0,0.2777777777777778,0.4982973307277598,0.5636018619766345,0.0,0.2777777777777778,1.0
1.0,0.7142857142857143,0.7828125465264094,0.707589393082923,0.6030226891555273,0.7142857142857143,0.8601398601398602
1.0,0.4285714285714285,0.5554795985460176,0.4111518335151322,0.0,0.3333333333333333,0.898989898989899
1.0,0.5384615384615384,0.6604857035521227,0.5756125669211851,0.2519763153394848,0.5384615384615384,0.8585858585858586
1.0,0.6190476190476191,0.746031746031746,0.7647058823529411,0.6,0.6190476190476191,1.0
1.0,0.6428571428571429,0.7477137978235414,0.7180703308172536,0.6324555320336759,0.6428571428571429,0.9318181818181818
1.0,0.9166666666666666,0.9225106887757204,0.7904758509947771,0.7035264706814485,0.9166666666666666,0.8461538461538461
0.0,0.4210526315789473,0.5623593451211287,0.4330127018922194,0.50709255283711,0.4,0.8333333333333334
1.0,0.5384615384615384,0.6604857035521227,0.5756125669211851,0.5039526306789696,0.5384615384615384,0.8585858585858586
1.0,0.2941176470588235,0.5184076169827011,0.4432026302139591,0.0,0.2941176470588235,0.9621212121212122
1.0,0.5555555555555556,0.6590455049651833,0.5412658773652742,0.6761234037828132,0.5555555555555556,0.7916666666666666
0.0,0.1578947368421052,0.4095534676198292,0.2282177322938192,0.0,0.1578947368421052,0.95
1.0,0.7692307692307693,0.7501604907879513,0.562440991821405,0.588348405414552,0.7142857142857143,0.6666666666666666
1.0,0.5294117647058824,0.6615478763947721,0.5951700641394974,0.273861278752583,0.5294117647058824,0.8928571428571429
1.0,0.4,0.5416526371281017,0.5155986946151908,0.0,0.4,0.9285714285714286
1.0,0.5454545454545454,0.6537657902291935,0.6266795614405123,0.0,0.5454545454545454,0.9333333333333332
1.0,0.4545454545454545,0.5970026709263686,0.4899539464934427,0.0,0.4545454545454545,0.8412698412698413
1.0,0.5,0.6203522572742972,0.5808716317852841,0.2369395511036369,0.5,0.854341736694678
1.0,0.7272727272727273,0.7683218396054053,0.5669467095138407,0.6454972243679029,0.7272727272727273,0.6666666666666666
1.0,0.5263157894736842,0.6729077873422215,0.6440611887195307,0.2401922307076307,0.5263157894736842,0.9523809523809524
0.0,0.5,0.6314757303333053,0.5366563145999496,0.5773502691896258,0.5,0.85
1.0,0.5789473684210527,0.6977696945118635,0.6430973633517713,0.6172133998483678,0.5789473684210527,0.9017857142857144
0.0,0.2631578947368421,0.4789622952857124,0.39557740264262,0.0,0.2,0.9725274725274724
0.0,0.4117647058823529,0.5562278888310742,0.4225771273642583,0.1020620726159657,0.4117647058823529,0.8
1.0,0.8181818181818182,0.8405481358091369,0.7801057548373027,0.7071067811865475,0.75,0.9181818181818182
0.0,0.3076923076923077,0.4840148806395636,0.3346640106136302,0.1581138830084189,0.3076923076923077,0.8285714285714286
1.0,0.3846153846153846,0.5897435897435898,0.5555555555555556,0.1428571428571428,0.3846153846153846,1.0
1.0,0.9,0.9081667756806828,0.756409358488949,0.1259881576697424,0.9,0.8181818181818182
1.0,0.75,0.788675134594813,0.649519052838329,0.8164965809277261,0.75,0.75
1.0,0.3846153846153846,0.5897435897435898,0.5555555555555557,0.0625,0.3846153846153846,1.0
1.0,0.5333333333333333,0.6228167974679799,0.4581621289927275,0.2182178902359924,0.5333333333333333,0.6825396825396826
1.0,0.1875,0.3852400194529421,0.1576453963993784,0.0,0.1875,0.8021978021978022
1.0,0.5454545454545454,0.6651477082141272,0.7035264706814485,0.0,0.5454545454545454,1.0
1.0,0.4,0.5553418012614796,0.4330127018922193,0.1195228609334393,0.4,0.8333333333333334
1.0,0.6818181818181818,0.7716086982825684,0.8010018789148141,0.2352941176470588,0.6818181818181818,1.0
1.0,1.0,0.7777777777777778,0.5000000000000001,0.5,0.3333333333333333,1.0
1.0,0.4705882352941176,0.6339817978062529,0.5912424140495526,0.3813850356982369,0.4705882352941176,0.9487179487179488
1.0,0.6666666666666666,0.7369534140952966,0.5898930887958853,0.4622501635210243,0.6666666666666666,0.7575757575757576
0.0,0.5333333333333333,0.6228167974679799,0.4581621289927275,0.6546536707079772,0.5333333333333333,0.6825396825396826
0.0,0.3333333333333333,0.5288442925581555,0.4245536358497538,0.2010075630518424,0.3333333333333333,0.916083916083916
0.0,0.7,0.7858090359187795,0.7833494518006403,0.5345224838248487,0.7,0.9111111111111112
1.0,0.4615384615384615,0.5919599294997883,0.4651651993213319,0.2721655269759087,0.4615384615384615,0.7954545454545454
1.0,0.7,0.780936347194021,0.7332959212304938,0.8017837257372732,0.7,0.9027777777777778
1.0,0.5789473684210527,0.6977696945118635,0.6430973633517713,0.5400617248673217,0.5789473684210527,0.9017857142857144
1.0,0.7368421052631579,0.7826899534371679,0.7363247577138422,0.7130240959073808,0.7368421052631579,0.8519736842105263
1.0,1.0,0.9896542634166364,0.894427190999916,0.6674238124719146,1.0,0.9230769230769232
1.0,0.3076923076923077,0.4528793495040324,0.2509980079602226,0.0,0.2142857142857142,0.8714285714285714
1.0,0.5909090909090909,0.7101671599562319,0.7378647873726218,0.5,0.5909090909090909,1.0
1.0,0.52,0.6579330185492274,0.5897678246195887,0.3441236008058426,0.52,0.8968253968253969
1.0,0.7,0.6940381906628735,0.5019960159204453,0.4743416490252569,0.5454545454545454,0.7428571428571429
1.0,0.5384615384615384,0.6556776556776557,0.5999999999999999,0.3749999999999999,0.4285714285714285,1.0
1.0,0.2,0.3992413450724885,0.2175611005138542,0.0,0.2,0.8441558441558441
1.0,0.65,0.7305236905246345,0.6848064706908225,0.4140393356054125,0.5714285714285714,0.9558823529411764
1.0,0.3846153846153846,0.5545526534102284,0.447213595499958,0.0,0.3846153846153846,0.875
1.0,1.0,1.0,1.0,1.0,1.0,1.0
1.0,0.2857142857142857,0.4886185874761624,0.3577708763999663,0.0,0.2857142857142857,0.9
1.0,0.7647058823529411,0.8431372549019608,0.8888888888888891,0.4285714285714285,0.7647058823529411,1.0
1.0,0.4444444444444444,0.60490299622048,0.5290400570128865,0.2236067977499789,0.4444444444444444,0.9047619047619048
0.0,0.391304347826087,0.5942028985507245,0.6818181818181818,0.3125,0.391304347826087,1.0
1.0,0.25,0.4621350868093061,0.316573307295685,0.1924500897298752,0.25,0.9025974025974026
1.0,0.5,0.6314757303333053,0.5366563145999496,0.0,0.5,0.85
0.0,0.3636363636363636,0.5053611216731143,0.3469580624674963,0.2925089696508522,0.3636363636363636,0.8056680161943319
1.0,0.7058823529411765,0.7710508415827836,0.676040864149498,0.4834937784152281,0.7058823529411765,0.8269230769230769
1.0,0.4285714285714285,0.5872256302920493,0.4933822002181587,0.2519763153394848,0.4285714285714285,0.8787878787878788
1.0,0.6111111111111112,0.7205195529499822,0.7514691493021793,0.3846153846153847,0.6111111111111112,1.0
1.0,0.2941176470588235,0.4378253205801631,0.3108174289812181,0.0,0.2941176470588235,0.8015873015873016
1.0,0.9,0.9042903097250924,0.9128709291752768,0.4999999999999999,0.9,1.0
1.0,0.3333333333333333,0.4833387061557689,0.3916747259003201,0.0,0.3333333333333333,0.8611111111111112
0.0,0.6153846153846154,0.6989315448512231,0.5773502691896257,0.4780914437337574,0.6153846153846154,0.7777777777777778
1.0,0.631578947368421,0.7235477025699574,0.6405777973927272,0.447213595499958,0.631578947368421,0.8487394957983194
1.0,0.4230769230769231,0.6021041877307376,0.5923057020691223,0.0556414884074657,0.4230769230769231,0.9398496240601504
0.0,0.4583333333333333,0.5942306901503683,0.4763139720814412,0.3268602252303068,0.4583333333333333,0.8166666666666668
1.0,1.0,1.0,0.9999999999999998,0.7777777777777779,1.0,1.0
0.0,0.3,0.4499999999999999,0.3749999999999999,0.0,0.3,0.875
1.0,0.4090909090909091,0.5752223437182828,0.4804333480445453,0.2981423969999719,0.4090909090909091,0.8865546218487395
1.0,0.5714285714285714,0.7142857142857143,0.7272727272727273,0.4444444444444444,0.5714285714285714,1.0
0.0,0.24,0.4759194014715158,0.3658625421453217,0.0716114874039433,0.24,0.9529411764705882
1.0,0.8,0.8666666666666667,0.8888888888888891,0.5,0.8,1.0
1.0,0.4,0.5535543219412901,0.4170905142069525,0.2279211529192759,0.4,0.7948717948717949
0.0,0.3333333333333333,0.5237335667999858,0.4111518335151322,0.1259881576697424,0.3333333333333333,0.898989898989899
1.0,0.6363636363636364,0.6323341552064338,0.50709255283711,0.1290994448735805,0.5,0.7083333333333334
1.0,0.5625,0.6704684201426394,0.5698319531322331,0.1924500897298752,0.5625,0.8246753246753247
1.0,0.3846153846153846,0.5897435897435898,0.5555555555555556,0.1428571428571428,0.3846153846153846,1.0
0.0,0.8,0.8540834828831253,0.7794228634059948,0.2672612419124243,0.8,0.9111111111111112
0.0,0.3571428571428571,0.5223628599027187,0.3876376661011099,0.2721655269759087,0.3571428571428571,0.8295454545454546
1.0,0.6153846153846154,0.7280772733382744,0.6934273376331581,0.1178511301977579,0.6153846153846154,0.9272727272727272
1.0,0.9285714285714286,0.9329615895792316,0.7578780145691788,0.6689936080056726,0.9285714285714286,0.8666666666666667
1.0,0.3125,0.5222473038649458,0.5122662046587303,0.0,0.3125,0.916083916083916
1.0,0.9090909090909092,0.9075719506383696,0.82915619758885,0.2108185106778919,0.9090909090909092,0.9242424242424244
1.0,0.5294117647058824,0.6164643148179532,0.4446952959611783,0.0,0.5294117647058824,0.6625
1.0,0.3076923076923077,0.4840148806395636,0.3346640106136302,0.3162277660168379,0.3076923076923077,0.8285714285714286
1.0,0.3684210526315789,0.5376160812104983,0.4173993557999608,0.3508232077228117,0.35,0.8833333333333333
1.0,0.6875,0.7615028646287495,0.7922830417853545,0.3202563076101743,0.6875,0.942857142857143
1.0,0.5714285714285714,0.6912688263694685,0.4847546839651546,0.3015113445777636,0.5714285714285714,0.8881118881118881
1.0,0.5263157894736842,0.6507889965966019,0.4669906976690851,0.2864459496157732,0.5263157894736842,0.9215686274509804
1.0,0.6,0.7066220703359333,0.6368304537746307,0.3015113445777636,0.6,0.8741258741258741
1.0,0.4166666666666667,0.5566644532891364,0.4183300132670377,0.0,0.4166666666666667,0.7857142857142857
1.0,0.3888888888888889,0.5795155668694335,0.5173371122933585,0.0953462589245592,0.3888888888888889,0.9551282051282052
0.0,0.3125,0.4970084679281462,0.3608439182435161,0.2390457218668787,0.3125,0.8611111111111112
1.0,0.5333333333333333,0.6479082286578987,0.5397280118812489,0.4264014327112208,0.5333333333333333,0.8153846153846154
0.0,0.375,0.5542903097250923,0.4564354645876384,0.2236067977499789,0.375,0.9
1.0,0.8181818181818182,0.8405481358091369,0.7801057548373027,0.7071067811865475,0.75,0.9181818181818182
0.0,0.5384615384615384,0.6923076923076922,0.6999999999999998,0.6249999999999999,0.5384615384615384,1.0
1.0,0.6428571428571429,0.7399710062360377,0.658729875828981,0.3015113445777636,0.6428571428571429,0.8741258741258741
1.0,0.6470588235294118,0.7200476836144207,0.5953924651018015,0.5916079783099616,0.6470588235294118,0.7708333333333334
0.0,0.25,0.4784714488978284,0.3507803800100569,0.1825741858350553,0.25,0.9464285714285714
1.0,0.75,0.7680100840691232,0.7035264706814485,0.7216878364870323,0.75,0.7777777777777778
1.0,0.6153846153846154,0.7280772733382744,0.6934273376331581,0.2357022603955158,0.6153846153846154,0.9272727272727272
1.0,0.4347826086956521,0.5941453821888604,0.5071505162084872,0.0693375245281536,0.4347826086956521,0.888888888888889
1.0,0.8095238095238095,0.8581935683178429,0.8233618427307154,0.77898083770452,0.8095238095238095,0.9097744360902256
1.0,0.4705882352941176,0.609193910338718,0.5065172916730961,0.0,0.4705882352941176,0.8441558441558441
0.0,0.3043478260869565,0.4943900947897064,0.3600777897274378,0.0778498944161523,0.3043478260869565,0.8733031674208145
1.0,0.375,0.5833333333333334,0.5454545454545454,0.2222222222222222,0.375,1.0
1.0,0.7777777777777778,0.8112885404030784,0.5123475382979799,0.3922322702763681,0.7777777777777778,0.7666666666666666
1.0,0.4166666666666667,0.5920474583051323,0.523782800878924,0.1336306209562122,0.4166666666666667,0.9305555555555556
1.0,0.5714285714285714,0.6904761904761904,0.7857142857142857,0.2999999999999999,0.5714285714285714,1.0
1.0,0.8,0.8314757303333055,0.7155417527999328,0.6139406135149205,0.8,0.8
1.0,0.2608695652173913,0.4539690602838628,0.296529900147108,0.0816496580927726,0.2608695652173913,0.8529411764705883
0.0,0.2777777777777778,0.488579203391254,0.3231415578526176,0.1906925178491184,0.2777777777777778,0.967948717948718
0.0,0.3333333333333333,0.5438101626347996,0.4783952832583796,0.2357022603955158,0.3333333333333333,0.9545454545454546
1.0,0.4736842105263157,0.6208590172324968,0.4780330793993237,0.161164592805076,0.4736842105263157,0.8701923076923077
1.0,0.8333333333333334,0.8598458652806479,0.7607257743127308,0.76271276980969,0.8333333333333334,0.8333333333333334
0.0,0.5,0.6220084679281462,0.5051814855409226,0.5976143046671968,0.5,0.8055555555555556
1.0,0.75,0.8333333333333334,0.857142857142857,0.3999999999999999,0.75,1.0
0.0,0.75,0.788675134594813,0.649519052838329,0.8164965809277261,0.75,0.75
1.0,0.5555555555555556,0.6590455049651833,0.5412658773652742,0.2041241452319315,0.5555555555555556,0.7916666666666666
0.0,0.2142857142857142,0.4571268233844972,0.3142696805273544,0.0,0.2142857142857142,0.9583333333333331
0.0,0.4615384615384615,0.5299145299145299,0.375,0.2581988897471611,0.4615384615384615,0.5
1.0,0.5333333333333333,0.6250395833737032,0.3880570000581327,0.5241424183609592,0.5333333333333333,0.6444444444444445
1.0,0.5238095238095238,0.6455601509949336,0.5578655678293358,0.3466876226407682,0.5,0.8777777777777779
0.0,0.5714285714285714,0.6852426906774735,0.6085806194501846,0.5590169943749475,0.5714285714285714,0.8666666666666666
1.0,0.5,0.6511541964151975,0.6067489204290133,0.5892556509887895,0.5,0.9363636363636364
0.0,0.2666666666666666,0.4713460597537708,0.363927622284289,0.0,0.2666666666666666,0.9636363636363636
0.0,0.5,0.6150514182428388,0.4829452884162951,0.0,0.5,0.7714285714285714
0.0,0.2857142857142857,0.4886185874761624,0.3577708763999663,0.2886751345948129,0.2857142857142857,0.9
0.0,0.2857142857142857,0.4886185874761624,0.3577708763999663,0.1443375672974064,0.2857142857142857,0.9
1.0,0.3333333333333333,0.5555555555555555,0.4999999999999999,0.0,0.3333333333333333,1.0
1.0,0.65,0.7376236430584256,0.6592956710710334,0.6240377207533828,0.65,0.8555555555555555
1.0,0.3571428571428571,0.554323004112076,0.4743416490252569,0.1336306209562121,0.3571428571428571,0.9444444444444444
1.0,0.65,0.7567141667151106,0.7418736765817244,0.6900655593423543,0.65,0.9522058823529412
1.0,0.6842105263157895,0.7894736842105262,0.8125,0.6428571428571429,0.6842105263157895,1.0
0.0,0.3125,0.4440355937288491,0.2525381361380527,0.2581988897471611,0.3125,0.6428571428571428
0.0,0.4545454545454545,0.5970026709263686,0.4899539464934427,0.3380617018914065,0.4545454545454545,0.8412698412698413
1.0,0.6666666666666666,0.706563477608706,0.6365747948274925,0.3678836036909794,0.6666666666666666,0.7767857142857143
1.0,0.6111111111111112,0.6874634242130094,0.543638150269698,0.4082482904638629,0.6111111111111112,0.7303921568627452
1.0,0.6,0.7066220703359333,0.6368304537746307,0.3015113445777636,0.6,0.8741258741258741
0.0,0.3636363636363636,0.5542290246554042,0.4677071733467426,0.1825741858350553,0.3636363636363636,0.9285714285714286
0.0,0.4545454545454545,0.5970026709263686,0.4899539464934427,0.1690308509457032,0.4545454545454545,0.8412698412698413
1.0,0.6,0.7128205128205128,0.6999999999999998,0.5000000000000001,0.5384615384615384,1.0
1.0,0.4210526315789473,0.6019097916057755,0.5506423495196753,0.3481553119113957,0.4210526315789473,0.956043956043956
1.0,0.5625,0.6827287274483318,0.4615930911724977,0.0790569415042094,0.5625,0.8125
1.0,0.7777777777777778,0.8124908864145842,0.6859355250908198,0.5773502691896258,0.7777777777777778,0.7777777777777778
0.0,0.75,0.8050695435482863,0.690492225799023,0.6446583712203042,0.75,0.8269230769230769
1.0,0.8181818181818182,0.8469658900323092,0.7400733003272381,0.629940788348712,0.8181818181818182,0.8181818181818182
1.0,0.6666666666666666,0.7683862163802945,0.7558641345169833,0.3227486121839514,0.6666666666666666,0.954248366013072
1.0,0.7142857142857143,0.8095238095238096,0.8333333333333335,0.25,0.7142857142857143,1.0
1.0,0.4117647058823529,0.5863145861527305,0.5727026612409093,0.0,0.4117647058823529,0.9047619047619048
0.0,0.4285714285714285,0.5578798126901944,0.408248290463863,0.3535533905932737,0.4285714285714285,0.75
1.0,0.5454545454545454,0.5967332944440124,0.6900655593423543,0.7071067811865475,0.4166666666666667,0.9363636363636364
1.0,0.85,0.8775016027467712,0.7992898356345546,0.917662935482247,0.85,0.8571428571428571
1.0,0.75,0.8178208630818641,0.7801057548373027,0.7071067811865475,0.75,0.9181818181818182
1.0,0.8235294117647058,0.8717682200270888,0.8472151069828724,0.4447495899966607,0.8235294117647058,0.9416666666666668
1.0,0.6363636363636364,0.7223848212423962,0.6260990336999411,0.1443375672974064,0.6363636363636364,0.825
0.0,0.1538461538461538,0.3747296295400112,0.1814436846506057,0.0,0.1538461538461538,0.8888888888888888
1.0,0.75,0.8333333333333334,0.857142857142857,0.7999999999999998,0.75,1.0
1.0,0.4166666666666667,0.5920474583051322,0.523782800878924,0.1543033499620919,0.4166666666666667,0.9305555555555556
1.0,0.3846153846153846,0.5897435897435898,0.5555555555555556,0.2857142857142857,0.3846153846153846,1.0
0.0,0.3333333333333333,0.4668220174573365,0.2822305329635934,0.4045199174779452,0.3333333333333333,0.6703296703296704
1.0,0.8,0.8314757303333055,0.7155417527999328,0.5262348115842176,0.8,0.8
1.0,0.4117647058823529,0.5811318742575019,0.4953125751580461,0.2010075630518424,0.4117647058823529,0.902097902097902
1.0,0.5833333333333334,0.7051166549057268,0.6640783086353597,0.1336306209562121,0.5833333333333334,0.9222222222222222
1.0,0.4210526315789473,0.5925065366171267,0.6013377943029549,0.3333333333333333,0.4210526315789473,1.0
1.0,0.4166666666666667,0.5566644532891364,0.4183300132670377,0.0,0.4166666666666667,0.7857142857142857
0.0,0.3181818181818182,0.5252333576637868,0.5009794328681195,0.3076923076923077,0.3181818181818182,1.0
0.0,0.1481481481481481,0.4012605030897755,0.2135259324642424,0.0,0.1481481481481481,0.9495798319327732
0.0,0.5,0.6240271997574603,0.6276573448050354,0.2070196678027062,0.5,0.9632352941176472
1.0,0.5,0.6220084679281462,0.5051814855409226,0.2390457218668787,0.5,0.8055555555555556
1.0,0.4444444444444444,0.6049029962204802,0.5290400570128866,0.1825741858350553,0.4444444444444444,0.9047619047619048
0.0,0.6923076923076923,0.738888559651076,0.5760348191569687,0.5698028822981898,0.6923076923076923,0.6923076923076923
0.0,0.6,0.7131121455425747,0.6630610140901583,0.5728918992315464,0.6,0.9058823529411764
1.0,0.6153846153846154,0.6835996540260337,0.5345224838248488,0.3999999999999999,0.5,1.0
0.0,0.2142857142857142,0.4571268233844972,0.3142696805273544,0.0,0.2142857142857142,0.9583333333333331
1.0,0.8,0.847247303864946,0.7578780145691788,0.4181210050035454,0.8,0.8769230769230769
0.0,0.2142857142857142,0.4217438183685013,0.2509980079602226,0.0,0.2142857142857142,0.8714285714285714
1.0,0.2857142857142857,0.5238095238095237,0.4444444444444444,0.1428571428571428,0.2857142857142857,1.0
1.0,0.4705882352941176,0.609193910338718,0.5065172916730961,0.2886751345948128,0.4705882352941176,0.8441558441558441
1.0,0.3636363636363636,0.5542290246554042,0.4677071733467426,0.0,0.3636363636363636,0.9285714285714286
1.0,0.6190476190476191,0.7088728515779588,0.6079370061211737,0.4708709557974188,0.6190476190476191,0.8175438596491228
1.0,0.6363636363636364,0.73954419188473,0.6969828547882547,0.3131121455425747,0.6363636363636364,0.913312693498452
0.0,0.1111111111111111,0.3986504044475059,0.1711632992203644,0.0,0.1111111111111111,0.9875
1.0,0.4210526315789473,0.6019097916057755,0.5506423495196753,0.2611164839335467,0.4210526315789473,0.956043956043956
1.0,0.7,0.780936347194021,0.7332959212304938,0.7349684152591671,0.7,0.9027777777777778
1.0,0.48,0.644442842261525,0.614733806390258,0.4244373438135827,0.48,0.9649122807017544
0.0,0.375,0.5156844656620286,0.378846367703263,0.2357022603955158,0.375,0.7171717171717171
1.0,0.3684210526315789,0.5116219934613903,0.2987255147511812,0.0912870929175276,0.3684210526315789,0.711764705882353
0.0,0.2352941176470588,0.4746836081799033,0.346713668816579,0.2357022603955158,0.2352941176470588,0.9636363636363636
1.0,0.6818181818181818,0.7402787160264666,0.7883058250824351,0.5969620057957091,0.6521739130434783,0.9074074074074072
1.0,0.6,0.7333333333333334,0.75,0.5,0.6,1.0
1.0,0.5333333333333333,0.6746979248076683,0.6382847385042254,0.3162277660168379,0.5333333333333333,0.9393939393939392
1.0,0.7142857142857143,0.8095238095238096,0.8333333333333335,0.2999999999999999,0.7142857142857143,1.0
1.0,0.7647058823529411,0.8216087037997891,0.7600241566884569,0.6172133998483678,0.7647058823529411,0.8839285714285714
0.0,0.4230769230769231,0.599114525788396,0.6007514091861106,0.4705882352941176,0.4230769230769231,1.0
0.0,0.3888888888888889,0.5092592592592592,0.328125,0.3030457633656632,0.3888888888888889,0.6597222222222222
1.0,0.5263157894736842,0.6203127051952233,0.5400497404254025,0.2864459496157732,0.5,0.9215686274509804
1.0,0.3333333333333333,0.5301423657900225,0.3849001794597504,0.1386750490563073,0.3333333333333333,0.9111111111111112
1.0,0.5454545454545454,0.6349767512344251,0.523782800878924,0.0,0.4166666666666667,0.9305555555555556
0.0,0.3,0.5086066999241838,0.3967800427596649,0.0,0.3,0.9285714285714286
1.0,0.25,0.4784714488978284,0.3507803800100569,0.1825741858350553,0.25,0.9464285714285714
1.0,0.4,0.5553418012614796,0.4330127018922194,0.4082482904638631,0.4,0.8333333333333334
0.0,0.375,0.5542903097250923,0.4564354645876384,0.3354101966249684,0.375,0.9
1.0,0.6,0.6895330120717932,0.6872431934890912,0.1825741858350553,0.6,0.8809523809523809
1.0,0.7777777777777778,0.8316306640610932,0.7735711831051846,0.5012804118276031,0.7777777777777778,0.8901960784313725
0.0,0.5714285714285714,0.6803344606258804,0.5652668637191949,0.5330017908890261,0.5714285714285714,0.8153846153846154
1.0,0.7368421052631579,0.7955183799005309,0.7100107226918821,0.6240377207533828,0.7368421052631579,0.8444444444444444
1.0,0.5882352941176471,0.7133648999649087,0.6883029368995941,0.4351941398892446,0.5882352941176471,0.945054945054945
1.0,0.3809523809523809,0.5426433885630668,0.4586727138562027,0.2261335084333227,0.3809523809523809,0.8076923076923077
1.0,0.4545454545454545,0.6363636363636364,0.6249999999999999,0.1666666666666666,0.4545454545454545,1.0
1.0,0.55,0.6739848152430964,0.6327138353044138,0.4160251471689218,0.55,0.8666666666666666
1.0,0.5,0.6162915625423885,0.6756349554583562,0.2611164839335467,0.5,0.9505494505494506
1.0,0.5833333333333334,0.7051166549057268,0.6640783086353597,0.1336306209562121,0.5833333333333334,0.9222222222222222
1.0,0.7142857142857143,0.7579085610999817,0.603681610520369,0.2581988897471611,0.7142857142857143,0.7142857142857143
1.0,0.7142857142857143,0.7579085610999817,0.603681610520369,0.6123724356957945,0.7142857142857143,0.7142857142857143
1.0,0.3125,0.5261541964151975,0.4333920860207237,0.2357022603955158,0.3125,0.9545454545454546
1.0,0.4090909090909091,0.5886466741987887,0.5226607744933167,0.0716114874039433,0.4090909090909091,0.9294117647058824
0.0,0.3529411764705882,0.5544364868991717,0.478713553878169,0.2108185106778919,0.3529411764705882,0.9545454545454546
1.0,0.5384615384615384,0.6923076923076922,0.6999999999999998,0.1249999999999999,0.5384615384615384,1.0
1.0,0.5625,0.6952563076101743,0.6651477158057467,0.4767312946227962,0.5625,0.9423076923076924
1.0,0.3636363636363636,0.5542290246554042,0.4677071733467426,0.3651483716701107,0.3636363636363636,0.9285714285714286
1.0,0.5833333333333334,0.7051166549057268,0.6640783086353597,0.2672612419124243,0.5833333333333334,0.9222222222222222
0.0,0.3125,0.5317141667151106,0.6156673558614606,0.1906925178491184,0.3125,0.9551282051282052
1.0,0.6923076923076923,0.765828771263554,0.6846531968814576,0.3354101966249684,0.6923076923076923,0.85
1.0,0.5714285714285714,0.7142857142857143,0.7272727272727273,0.4444444444444444,0.5714285714285714,1.0
1.0,0.5217391304347826,0.6717678588923718,0.6478835438717001,0.3872983346207417,0.5217391304347826,0.96078431372549
1.0,0.7647058823529411,0.8012954656336961,0.6687158952080988,0.5449492609130661,0.7647058823529411,0.7647058823529411
1.0,0.4444444444444444,0.5817459091555214,0.4567193805747601,0.1849000654084097,0.4444444444444444,0.806060606060606
1.0,0.5384615384615384,0.6311398859502676,0.4762896722078401,0.5163977794943223,0.5384615384615384,0.7083333333333334
0.0,0.4444444444444444,0.6296296296296297,0.6153846153846154,0.5454545454545454,0.4444444444444444,1.0
1.0,0.5,0.6489097541354191,0.4929251531536712,0.0,0.5,0.8787878787878788
1.0,0.2,0.3915322230804943,0.2065591117977288,0.0,0.2,0.8222222222222222
1.0,0.5555555555555556,0.680686815787458,0.6206328908341752,0.3344968040028363,0.5555555555555556,0.8974358974358974
1.0,0.8947368421052632,0.9298245614035088,0.9444444444444446,0.6875,0.8947368421052632,1.0
1.0,0.3076923076923077,0.5193978856555596,0.4190262407031392,0.3086066999241838,0.3076923076923077,0.9444444444444444
1.0,0.4285714285714285,0.597794778086198,0.5024594344170622,0.2132007163556104,0.4666666666666667,0.8384615384615385
1.0,0.25,0.4837299104037806,0.3623579928424159,0.1112829768149314,0.25,0.9598997493734336
1.0,0.4444444444444444,0.6198714107610133,0.5150787536377128,0.4351941398892446,0.4444444444444444,0.956043956043956
0.0,0.3846153846153846,0.538128341319762,0.4507489358552088,0.2581988897471611,0.3846153846153846,0.75
0.0,0.8235294117647058,0.8462346545499922,0.6570016821941002,0.7001400420140049,0.8235294117647058,0.7368421052631579
1.0,0.5625,0.6471655269759087,0.4898979485566355,0.392232270276368,0.5625,0.7
1.0,0.5384615384615384,0.6556776556776557,0.5999999999999999,0.0,0.4285714285714285,1.0
0.0,0.6470588235294118,0.706358519481043,0.7218381724612674,0.4629100498862757,0.6470588235294118,0.8928571428571429
1.0,0.7777777777777778,0.8518518518518517,0.8749999999999998,0.3333333333333333,0.7777777777777778,1.0
1.0,0.6923076923076923,0.7435746068555732,0.5909368402852788,0.3162277660168379,0.5714285714285714,0.9393939393939392
1.0,0.5882352941176471,0.6953263940405142,0.7356913959435434,0.4803844614152615,0.5882352941176471,0.9476190476190476
1.0,0.2857142857142857,0.4846503931834665,0.2852598329282677,0.0,0.2857142857142857,0.8636363636363636
1.0,0.5333333333333333,0.6746979248076683,0.6382847385042254,0.3162277660168379,0.5333333333333333,0.9393939393939392
1.0,0.6666666666666666,0.7051906423648616,0.5698319531322331,0.1924500897298752,0.5625,0.8246753246753247
1.0,0.7368421052631579,0.8146089035572159,0.7989408824726263,0.6900655593423543,0.7368421052631579,0.9485294117647058
1.0,0.4166666666666667,0.5566644532891364,0.4183300132670377,0.0,0.4166666666666667,0.7857142857142857
1.0,0.3333333333333333,0.5191791576804715,0.3340765523905304,0.2390457218668787,0.3333333333333333,0.8611111111111112
1.0,0.5,0.6399554036692666,0.5660715144663384,0.4020151261036848,0.5,0.8881118881118881
1.0,0.4545454545454545,0.5970026709263686,0.4899539464934427,0.0,0.4545454545454545,0.8412698412698413
1.0,0.6153846153846154,0.6989315448512231,0.5773502691896257,0.2390457218668787,0.6153846153846154,0.7777777777777778
1.0,0.4705882352941176,0.6062344598469308,0.4290131554879166,0.4622501635210243,0.4705882352941176,0.806060606060606
1.0,0.4285714285714285,0.6190476190476191,0.5999999999999999,0.1249999999999999,0.4285714285714285,1.0
0.0,0.8125,0.8172268381827158,0.6687158952080988,0.8563488385776753,0.7647058823529411,0.7647058823529411
0.0,0.4666666666666667,0.6104931907846107,0.4396520051149294,0.1066003581778052,0.4666666666666667,0.8384615384615385
0.0,0.4285714285714285,0.5764081521384127,0.5793760105892635,0.2070196678027062,0.4285714285714285,0.9669117647058824
0.0,0.5714285714285714,0.6852426906774735,0.6085806194501846,0.4472135954999579,0.5714285714285714,0.8666666666666666
1.0,0.2777777777777778,0.480331100134234,0.2976261327217298,0.0912870929175276,0.2777777777777778,0.7941176470588236
1.0,0.4090909090909091,0.5752223437182828,0.4804333480445453,0.372677996249965,0.4090909090909091,0.8865546218487395
1.0,0.2857142857142857,0.5238095238095237,0.4444444444444444,0.0,0.2857142857142857,1.0
1.0,0.6111111111111112,0.7078700136960733,0.6197041254703731,0.4029114820126901,0.6111111111111112,0.8413461538461539
0.0,0.3333333333333333,0.5288442925581555,0.4245536358497538,0.0,0.3333333333333333,0.916083916083916
1.0,0.3333333333333333,0.5288442925581555,0.4245536358497538,0.3015113445777636,0.3333333333333333,0.916083916083916
0.0,0.5333333333333333,0.6477935580619586,0.7514691493021793,0.0,0.5333333333333333,1.0
0.0,0.5,0.5491284853372862,0.4160564025798948,0.5443310539518174,0.3846153846153846,0.8295454545454546
0.0,0.3333333333333333,0.5420232967556378,0.4737793696791343,0.1543033499620919,0.3333333333333333,0.9444444444444444
0.0,0.1612903225806451,0.4147386734331186,0.1963383631246505,0.0,0.1612903225806451,0.9439775910364144
1.0,0.6,0.7162277660168379,0.5138701197773616,0.4522670168666454,0.6,0.8557692307692307
1.0,0.5263157894736842,0.6309332097880581,0.49421650024518,0.3265986323710904,0.5263157894736842,0.7549019607843137
1.0,0.7333333333333333,0.8222222222222223,0.875,0.5000000000000001,0.7333333333333333,1.0
1.0,0.6111111111111112,0.7078700136960733,0.6197041254703731,0.3223291856101521,0.6111111111111112,0.8413461538461539
1.0,0.6153846153846154,0.6775176521688347,0.8017837257372732,0.4999999999999999,0.6153846153846154,1.0
1.0,0.2727272727272727,0.4704933164129947,0.3247595264191645,0.0,0.2727272727272727,0.875
1.0,0.6428571428571429,0.7399710062360377,0.658729875828981,0.4020151261036848,0.6428571428571429,0.8741258741258741
1.0,0.7894736842105263,0.8224902283532304,0.701465776293662,0.6054055145966812,0.7894736842105263,0.7894736842105263
1.0,0.7333333333333333,0.737890178927011,0.4683067946478356,0.6024640760767093,0.625,0.679144385026738
1.0,0.6190476190476191,0.7218404238660686,0.597227910119558,0.5185629788417315,0.6190476190476191,0.8717105263157895
1.0,0.4,0.5553418012614796,0.4330127018922193,0.4780914437337574,0.4,0.8333333333333334
0.0,0.5,0.6300879381731505,0.6382406023209302,0.4296689244236597,0.5,0.9137254901960784
1.0,0.6923076923076923,0.765828771263554,0.6846531968814576,0.5590169943749475,0.6923076923076923,0.85
1.0,1.0,1.0,0.9999999999999998,0.3333333333333333,1.0,1.0
1.0,0.3846153846153846,0.5545526534102284,0.447213595499958,0.1443375672974064,0.3846153846153846,0.875
1.0,0.3103448275862069,0.5068083553382837,0.3856008903610445,0.0592348877759092,0.3103448275862069,0.8991596638655461
1.0,0.875,0.9166666666666666,0.9444444444444446,0.5714285714285714,0.875,1.0
0.0,0.3076923076923077,0.5193978856555596,0.4190262407031392,0.0,0.3076923076923077,0.9444444444444444
1.0,0.3636363636363636,0.5411829556182948,0.4236075534914362,0.0741249316661101,0.2916666666666667,0.9708333333333332
1.0,0.6153846153846154,0.6989315448512231,0.5773502691896257,0.4780914437337574,0.6153846153846154,0.7777777777777778
1.0,0.3157894736842105,0.4826918427653823,0.3265986323710903,0.294174202707276,0.3157894736842105,0.8
1.0,0.5,0.6511541964151975,0.6067489204290133,0.3535533905932737,0.5,0.9363636363636364
1.0,0.5652173913043478,0.6749539912028705,0.6516540962999386,0.5161854012087639,0.5652173913043478,0.8888888888888888
1.0,0.5,0.6511541964151975,0.6067489204290133,0.1178511301977579,0.5,0.9363636363636364
1.0,0.2857142857142857,0.504390161007803,0.3497898528780825,0.083624201000709,0.2857142857142857,0.9384615384615383
1.0,0.3333333333333333,0.5161945901182877,0.3919631571947541,0.0,0.3333333333333333,0.873015873015873
1.0,0.3333333333333333,0.5131794092035454,0.3818813079129867,0.0,0.3333333333333333,0.8285714285714286
0.0,0.2272727272727272,0.4496575485151235,0.298142396999972,0.1754116038614058,0.2272727272727272,0.9166666666666666
1.0,1.0,0.9311409742073932,0.9045340337332908,1.0,0.8888888888888888,1.0
1.0,0.5384615384615384,0.6604857035521227,0.5756125669211851,0.2519763153394848,0.5384615384615384,0.8585858585858586
0.0,0.4615384615384615,0.6239200737091456,0.5692099788303083,0.1336306209562121,0.4615384615384615,0.9333333333333332
1.0,0.3125,0.5261541964151975,0.4333920860207237,0.1178511301977579,0.3125,0.9545454545454546
1.0,0.6,0.6842676218074805,0.5596518804334772,0.4082482904638631,0.6,0.7214285714285714
1.0,0.3043478260869565,0.536231884057971,0.4666666666666666,0.1538461538461538,0.3043478260869565,1.0
1.0,0.5,0.5948215135175787,0.4224039833745501,0.3692744729379982,0.5,0.6634615384615384
1.0,0.5263157894736842,0.6729077873422215,0.6440611887195307,0.4803844614152615,0.5263157894736842,0.9523809523809524
1.0,0.6153846153846154,0.6989315448512231,0.5773502691896257,0.5976143046671968,0.6153846153846154,0.7777777777777778
1.0,0.7058823529411765,0.792618829653883,0.7728734264634368,0.8006407690254358,0.7058823529411765,0.942857142857143
1.0,0.6428571428571429,0.7477137978235414,0.7180703308172536,0.6324555320336759,0.6428571428571429,0.9318181818181818
1.0,0.5333333333333333,0.6746979248076683,0.6382847385042254,0.3162277660168379,0.5333333333333333,0.9393939393939392
1.0,0.6875,0.7464531352590263,0.6883029368995941,0.4351941398892446,0.5882352941176471,0.945054945054945
1.0,0.5714285714285714,0.703281566562533,0.6648039453209387,0.3162277660168379,0.5714285714285714,0.9393939393939392
1.0,0.4736842105263157,0.6044646082790234,0.4871392896287467,0.253546276418555,0.4736842105263157,0.8125
1.0,0.2941176470588235,0.5003687410976414,0.3803628871563654,0.0,0.2941176470588235,0.9166666666666669
1.0,0.6190476190476191,0.746031746031746,0.7647058823529411,0.5333333333333332,0.6190476190476191,1.0
1.0,0.5384615384615384,0.6604857035521227,0.5756125669211851,0.5039526306789696,0.5384615384615384,0.8585858585858586
0.0,0.375,0.5611879571320709,0.6317349505688657,0.0,0.375,0.9678362573099416
1.0,0.6153846153846154,0.7201463036568664,0.563436169819011,0.0,0.6153846153846154,0.8666666666666666
0.0,0.2777777777777778,0.4965847628497943,0.3293649379144905,0.1005037815259212,0.2777777777777778,0.93006993006993
1.0,0.5384615384615384,0.6604857035521227,0.5756125669211851,0.2519763153394848,0.5384615384615384,0.8585858585858586
0.0,0.2,0.4314757303333053,0.2683281572999748,0.0,0.2,0.925
1.0,0.8,0.8314757303333055,0.7155417527999327,0.2886751345948129,0.8,0.8
1.0,0.2307692307692307,0.4871794871794871,0.3749999999999999,0.0,0.2307692307692307,1.0
1.0,0.3529411764705882,0.5544364868991717,0.478713553878169,0.1054092553389459,0.3529411764705882,0.9545454545454546
0.0,0.3333333333333333,0.5039403071317278,0.3622089663122213,0.2581988897471611,0.3333333333333333,0.8285714285714285
1.0,0.6428571428571429,0.7112058613156048,0.6382847385042254,0.2108185106778919,0.5333333333333333,0.9393939393939392
0.0,0.35,0.554541370553144,0.4818120558297158,0.0870388279778489,0.35,0.9615384615384616
1.0,0.6190476190476191,0.7269680932257673,0.6809176411426013,0.3340765523905304,0.6190476190476191,0.9097222222222222
1.0,0.7058823529411765,0.7521099668933373,0.7514691493021793,0.6153846153846154,0.6111111111111112,1.0
1.0,0.3529411764705882,0.5544364868991717,0.478713553878169,0.1054092553389459,0.3529411764705882,0.9545454545454546
1.0,0.2307692307692307,0.4871794871794871,0.3749999999999999,0.1666666666666666,0.2307692307692307,1.0
0.0,0.3333333333333333,0.5161945901182877,0.3919631571947541,0.0,0.3333333333333333,0.873015873015873
1.0,0.7272727272727273,0.8010762508653227,0.758946638440411,0.8017837257372731,0.7272727272727273,0.9111111111111112
1.0,0.6086956521739131,0.7302399437108004,0.7171894407886343,0.1819017187772497,0.6086956521739131,0.95906432748538
1.0,0.5454545454545454,0.6727783748040195,0.597227910119558,0.2592814894208657,0.5454545454545454,0.881578947368421
1.0,0.5,0.6451381155644951,0.5846339666834284,0.3651483716701107,0.5,0.9107142857142856
0.0,0.6875,0.7347187325296166,0.5700448858423344,0.6236095644623235,0.6875,0.6875
1.0,0.6923076923076923,0.7479844111542345,0.7271320259477319,0.6030226891555273,0.6923076923076923,0.8601398601398602
1.0,0.4444444444444444,0.6049029962204802,0.5290400570128866,0.1825741858350553,0.4444444444444444,0.9047619047619048
1.0,0.7333333333333333,0.7974955888130727,0.727430078392719,0.273861278752583,0.7333333333333333,0.8690476190476191
1.0,0.7777777777777778,0.8518518518518517,0.875,0.7142857142857143,0.7777777777777778,1.0
1.0,0.8,0.8388888888888889,0.9166666666666669,0.8749999999999998,0.8,1.0
1.0,0.5714285714285714,0.6852426906774735,0.6085806194501846,0.2236067977499789,0.5714285714285714,0.8666666666666666
0.0,0.3571428571428571,0.5223628599027187,0.3876376661011099,0.4082482904638631,0.3571428571428571,0.8295454545454546
0.0,0.5625,0.6704684201426394,0.5698319531322331,0.6735753140545634,0.5625,0.8246753246753247
1.0,0.8125,0.8421292729553325,0.7323776028286229,0.6446583712203042,0.8125,0.8125
1.0,0.8,0.8567141667151107,0.8488746876271653,0.3202563076101743,0.8,0.938095238095238
1.0,0.2916666666666667,0.4664628326470971,0.3163569176522069,0.1386750490563073,0.24,0.9333333333333332
1.0,0.2941176470588235,0.5294117647058824,0.4545454545454545,0.2222222222222222,0.2941176470588235,1.0
0.0,0.1111111111111111,0.3986504044475059,0.1711632992203644,0.0,0.1111111111111111,0.9875
1.0,0.5,0.6314757303333053,0.5366563145999496,0.4385290096535146,0.5,0.85
1.0,0.4666666666666667,0.5686501308013132,0.4008918628686366,0.4364357804719848,0.4375,0.7222222222222222
1.0,0.3333333333333333,0.5237335667999858,0.4111518335151322,0.0,0.3333333333333333,0.898989898989899
0.0,0.3043478260869565,0.5223429951690822,0.4583333333333334,0.0,0.3043478260869565,1.0
1.0,0.5,0.5992413450724885,0.4351222010277085,0.5962847939999439,0.5,0.6883116883116883
1.0,0.5384615384615384,0.6604857035521227,0.5756125669211851,0.2519763153394848,0.5384615384615384,0.8585858585858586
1.0,0.2142857142857142,0.4217438183685013,0.2509980079602226,0.0,0.2142857142857142,0.8714285714285714
1.0,0.4615384615384615,0.6239200737091456,0.5692099788303083,0.1336306209562121,0.4615384615384615,0.9333333333333332
1.0,0.5294117647058824,0.6519695855189417,0.5766976460218246,0.2611164839335467,0.5294117647058824,0.9505494505494506
1.0,0.5555555555555556,0.653396367444378,0.5585696017507576,0.3344968040028363,0.4736842105263157,0.9076923076923076
1.0,0.5,0.6314757303333053,0.5366563145999496,0.4330127018922193,0.5,0.85
0.0,0.3636363636363636,0.5757575757575757,0.5333333333333332,0.4615384615384616,0.3636363636363636,1.0
0.0,0.5625,0.6704684201426394,0.5698319531322331,0.3849001794597505,0.5625,0.8246753246753247
1.0,0.9411764705882352,0.944227277204627,0.8447367914999204,0.8017837257372732,0.9411764705882352,0.8888888888888888
1.0,0.6923076923076923,0.7255357309705136,0.6085806194501846,0.3354101966249684,0.5714285714285714,0.8666666666666666
1.0,0.6,0.7333333333333333,0.7499999999999999,0.1666666666666666,0.6,1.0
1.0,0.5833333333333334,0.7051166549057268,0.6640783086353597,0.4008918628686365,0.5833333333333334,0.9222222222222222
1.0,0.3888888888888889,0.5604912972976138,0.539451251793176,0.3481553119113957,0.3888888888888889,0.9615384615384616
1.0,0.6,0.6817180849095056,0.5433134494683322,0.2041241452319314,0.6,0.7428571428571429
1.0,0.3333333333333333,0.5555555555555555,0.4999999999999999,0.0,0.3333333333333333,1.0
1.0,0.4,0.511922402460653,0.4905114715879726,0.098058067569092,0.4,0.7333333333333333
1.0,0.5714285714285714,0.6583024790649955,0.51203095036175,0.1139605764596379,0.5714285714285714,0.7264957264957266
1.0,0.5,0.605498860309242,0.4536092116265145,0.0,0.5,0.7222222222222222
1.0,0.5909090909090909,0.6826145285342068,0.562916512459885,0.3268602252303068,0.5909090909090909,0.7833333333333333
1.0,0.8571428571428571,0.8704569804769249,0.8330077109204134,0.4351941398892446,0.8571428571428571,0.934065934065934
1.0,0.7777777777777778,0.812490886414584,0.6859355250908198,0.1690308509457032,0.7777777777777778,0.7777777777777778
1.0,0.55,0.6691617376576767,0.5871963142766665,0.223606797749979,0.55,0.8613445378151261
0.0,0.3,0.4854496128592251,0.3425395354310701,0.3698001308168194,0.3,0.8545454545454546
1.0,0.75,0.788675134594813,0.649519052838329,0.5916079783099616,0.75,0.75
1.0,0.2777777777777778,0.51364522417154,0.4166666666666667,0.0,0.2631578947368421,1.0
1.0,0.7777777777777778,0.8518518518518517,0.8749999999999998,0.3333333333333333,0.7777777777777778,1.0
1.0,0.8125,0.8284363340048687,0.755722417455968,0.6708203932499369,0.8125,0.8235294117647058
1.0,0.5454545454545454,0.6727783748040195,0.597227910119558,0.3889222341312986,0.5454545454545454,0.881578947368421
0.0,0.7692307692307693,0.805173185922856,0.674660014851561,0.6396021490668313,0.7692307692307693,0.7692307692307693
1.0,0.68,0.7753030696004529,0.7285402160902495,0.4505635568895829,0.68,0.9296066252587992
1.0,0.6923076923076923,0.72615733491704,0.618589574131742,0.7144345083117603,0.6923076923076923,0.7142857142857143
0.0,0.25,0.4388321936425753,0.2721655269759086,0.0,0.25,0.8333333333333333
1.0,0.7647058823529411,0.8012954656336961,0.6687158952080988,0.3113995776646092,0.7647058823529411,0.7647058823529411
1.0,0.7647058823529411,0.7992183022767806,0.5822741707104508,0.6784005252999682,0.7647058823529411,0.7222222222222222
1.0,0.5,0.6220084679281462,0.5051814855409226,0.1195228609334393,0.5,0.8055555555555556
0.0,0.6428571428571429,0.7477137978235414,0.7180703308172536,0.5270462766947299,0.6428571428571429,0.9318181818181818
1.0,0.5,0.6314757303333053,0.5366563145999496,0.3508232077228117,0.5,0.85
1.0,0.5,0.6432232267337894,0.563436169819011,0.2236067977499789,0.5,0.8833333333333334
1.0,0.2307692307692307,0.4871794871794871,0.3749999999999999,0.1666666666666666,0.2307692307692307,1.0
1.0,0.45,0.6149703941743561,0.551198189805123,0.2314550249431378,0.45,0.9196428571428572
1.0,0.8,0.8365028646287497,0.8488746876271653,0.2401922307076307,0.8,0.938095238095238
0.0,0.5833333333333334,0.7051166549057268,0.6640783086353597,0.4008918628686365,0.5833333333333334,0.9222222222222222
0.0,0.3,0.508606699924184,0.3967800427596649,0.1825741858350553,0.3,0.9285714285714286
0.0,0.5,0.6511541964151975,0.6067489204290133,0.2357022603955158,0.5,0.9363636363636364
1.0,0.4090909090909091,0.5954758849112242,0.5446382830604181,0.0741249316661101,0.4090909090909091,0.9625
1.0,0.5789473684210527,0.6977696945118635,0.6430973633517713,0.2314550249431378,0.5789473684210527,0.9017857142857144
0.0,0.12,0.3812320380383546,0.1807392228230128,0.0,0.12,0.9857142857142858
1.0,0.3333333333333333,0.4943877491981308,0.3402069087198858,0.0,0.3333333333333333,0.7916666666666667
0.0,0.5555555555555556,0.680686815787458,0.6206328908341752,0.3344968040028363,0.5555555555555556,0.8974358974358974
1.0,0.75,0.788675134594813,0.649519052838329,0.4082482904638631,0.75,0.75
1.0,0.7,0.7758086778343225,0.6891091270610286,0.7778444682625973,0.7,0.8618421052631579
1.0,0.3846153846153846,0.5630323267461897,0.3420990040938099,0.0,0.3846153846153846,0.898989898989899
0.0,0.1818181818181818,0.4545454545454546,0.3076923076923077,0.0909090909090909,0.1818181818181818,1.0
0.0,0.2352941176470588,0.4634848154339725,0.3344968040028363,0.2222222222222222,0.2352941176470588,1.0
0.0,0.7333333333333333,0.7922829070949576,0.6721344403334448,0.6139406135149205,0.7333333333333333,0.8166666666666667
1.0,0.4615384615384615,0.6258741258741258,0.6818181818181818,0.3333333333333334,0.4615384615384615,1.0
1.0,0.6875,0.7564757303333053,0.6559132733999384,0.5262348115842176,0.6875,0.8166666666666667
0.0,0.4615384615384615,0.5919599294997883,0.4651651993213319,0.2721655269759087,0.4615384615384615,0.7954545454545454
1.0,0.2222222222222222,0.4524384578732405,0.3042903097250923,0.0,0.2222222222222222,0.9333333333333332
0.0,0.6,0.6939723678960656,0.5879447357921312,0.0,0.6,0.8095238095238095
1.0,0.4285714285714285,0.5578798126901944,0.408248290463863,0.0,0.4285714285714285,0.75
1.0,0.238095238095238,0.4315080543189384,0.2591113117465156,0.0,0.2272727272727272,0.8579545454545454
1.0,0.5,0.6511541964151975,0.6067489204290133,0.1178511301977579,0.5,0.9363636363636364
1.0,0.4705882352941176,0.5476007440958809,0.5601783308279374,0.6784005252999682,0.5,0.764957264957265
1.0,0.7368421052631579,0.8146089035572159,0.7989408824726263,0.6900655593423543,0.7368421052631579,0.9485294117647058
1.0,0.5,0.5690355937288492,0.3535533905932737,0.0,0.5,0.5
1.0,0.3333333333333333,0.4943877491981308,0.3402069087198858,0.2581988897471611,0.3333333333333333,0.7916666666666667
1.0,0.3571428571428571,0.5195058263678175,0.2532695294453214,0.0,0.3571428571428571,0.7777777777777777
1.0,0.8,0.8314757303333055,0.7155417527999327,0.5773502691896258,0.8,0.8
1.0,0.5882352941176471,0.7133648999649087,0.6883029368995941,0.3481553119113957,0.5882352941176471,0.945054945054945
1.0,0.6,0.7333333333333334,0.7500000000000001,0.2999999999999999,0.6,1.0
1.0,0.5625,0.6853164454170875,0.7161148740394329,0.5454545454545454,0.5625,1.0
0.0,0.5882352941176471,0.6964471724701903,0.6428132792942575,0.4834937784152281,0.5882352941176471,0.8413461538461539
0.0,0.35,0.5222222222222221,0.4622222222222221,0.083624201000709,0.35,0.9282051282051282
1.0,0.5333333333333333,0.6228167974679799,0.4581621289927275,0.3273268353539886,0.5333333333333333,0.6825396825396826
0.0,0.3846153846153846,0.5545526534102284,0.447213595499958,0.0629940788348712,0.3846153846153846,0.875
1.0,0.3529411764705882,0.5276467907494019,0.4047960089109366,0.2132007163556104,0.3529411764705882,0.8615384615384616
1.0,0.5333333333333333,0.6641622554797394,0.6943650748294137,0.1999999999999999,0.5333333333333333,1.0
0.0,0.75,0.8058876451607491,0.724470738538616,0.4537426064865151,0.75,0.8519736842105263
1.0,0.6875,0.7588326239034725,0.6462944300865127,0.6227991553292184,0.6875,0.7828054298642534
1.0,0.875,0.8906193128497604,0.8651809126974002,0.7590721152765897,0.8235294117647058,0.9448529411764706
1.0,0.5882352941176471,0.7133648999649087,0.6883029368995941,0.2611164839335467,0.5882352941176471,0.945054945054945
1.0,0.5714285714285714,0.6679343916498072,0.5298129428260174,0.196116135138184,0.5714285714285714,0.7
1.0,1.0,1.0,1.0,0.4444444444444444,1.0,1.0
1.0,0.6428571428571429,0.7209241016737717,0.6071940133664049,0.3198010745334156,0.6428571428571429,0.7923076923076923
0.0,0.4117647058823529,0.5772009770075015,0.5728918992315464,0.1818181818181818,0.3888888888888889,1.0
1.0,0.3684210526315789,0.5091371734350842,0.3458741190809165,0.1889822365046136,0.3684210526315789,0.7375
1.0,0.75,0.8103164454170875,0.7447594690010102,0.6689936080056726,0.75,0.8769230769230769
0.0,0.2631578947368421,0.4820606668271612,0.3537946965414615,0.1005037815259212,0.2631578947368421,0.93006993006993
1.0,0.6,0.7066220703359333,0.6368304537746307,0.3015113445777636,0.6,0.8741258741258741
1.0,0.6363636363636364,0.73954419188473,0.6969828547882547,0.3757345746510896,0.6363636363636364,0.913312693498452
0.0,0.4117647058823529,0.5623529517330533,0.4432026302139591,0.1924500897298752,0.3888888888888889,0.8636363636363636
0.0,0.3181818181818182,0.5023937937327193,0.5550755996419657,0.2070196678027062,0.3043478260869565,0.9705882352941176
1.0,0.6666666666666666,0.7172168072394349,0.4860307555256194,0.5809475019311126,0.6666666666666666,0.6363636363636364
0.0,0.3809523809523809,0.56893864814261,0.4960783708246107,0.1543033499620919,0.3809523809523809,0.9285714285714286
1.0,0.7368421052631579,0.8195558070235694,0.8098544298396251,0.7745966692414834,0.75,0.9509803921568628
0.0,0.4736842105263157,0.626105919101298,0.5585696017507576,0.1672484020014181,0.4736842105263157,0.9076923076923076
0.0,0.5,0.6248248773984021,0.5143968424677684,0.3113995776646092,0.5,0.8190045248868778
1.0,0.6666666666666666,0.7066962224276417,0.5658365267145452,0.6227991553292184,0.5789473684210527,0.8009049773755657
1.0,0.4545454545454545,0.6152832674571805,0.5625,0.2142857142857142,0.391304347826087,1.0
1.0,0.75,0.7101711556466203,0.618718433538229,0.0,0.5555555555555556,0.9107142857142856
1.0,0.8181818181818182,0.8787878787878789,0.8999999999999998,0.3749999999999999,0.8181818181818182,1.0
1.0,0.7,0.7920623533946509,0.768295371441074,0.710046946804693,0.7,0.954248366013072
0.0,0.3333333333333333,0.5452098189721918,0.4816146413076471,0.0,0.3333333333333333,0.9615384615384616
1.0,0.6470588235294118,0.7364420925678942,0.5842626525991733,0.161164592805076,0.6470588235294118,0.8413461538461539
1.0,0.7058823529411765,0.792618829653883,0.7728734264634368,0.5604485383178051,0.7058823529411765,0.942857142857143
1.0,0.7647058823529411,0.8012954656336961,0.6687158952080988,0.778498944161523,0.7647058823529411,0.7647058823529411
1.0,0.7058823529411765,0.7710508415827836,0.676040864149498,0.8058229640253802,0.7058823529411765,0.8269230769230769
1.0,0.5,0.6511541964151975,0.6067489204290133,0.3535533905932737,0.5,0.9363636363636364
1.0,0.3571428571428571,0.5223628599027187,0.3876376661011099,0.0,0.3571428571428571,0.8295454545454546
1.0,0.5,0.6399554036692666,0.5660715144663384,0.3015113445777636,0.5,0.8881118881118881
1.0,0.5882352941176471,0.7133648999649087,0.6883029368995941,0.2611164839335467,0.5882352941176471,0.945054945054945
0.0,0.1538461538461538,0.4057336338595187,0.2842214355894527,0.0,0.1538461538461538,0.9833333333333334
1.0,0.5714285714285714,0.6852426906774735,0.6085806194501846,0.4472135954999579,0.5714285714285714,0.8666666666666666
1.0,0.4615384615384615,0.6239200737091456,0.5692099788303083,0.1336306209562121,0.4615384615384615,0.9333333333333332
1.0,0.3684210526315789,0.5542207350119032,0.4629100498862757,0.273861278752583,0.3684210526315789,0.9166666666666666
1.0,0.5555555555555556,0.6978592407005492,0.7271545640554957,0.3706246583305506,0.5555555555555556,0.9541666666666668
1.0,0.625,0.7252733665908505,0.6613000712661081,0.2236067977499789,0.625,0.8809523809523809
1.0,0.6875,0.7817141667151106,0.7922830417853545,0.6405126152203486,0.6875,0.942857142857143
0.0,0.4347826086956521,0.5903543630339073,0.4892998316849307,0.4036036763977875,0.4347826086956521,0.8596491228070176
1.0,0.4166666666666667,0.5566644532891364,0.4183300132670377,0.1581138830084189,0.4166666666666667,0.7857142857142857
1.0,0.35,0.5173376224100861,0.494471753303275,0.161164592805076,0.35,0.8846153846153846
1.0,0.5882352941176471,0.7060708332767106,0.6412813969431513,0.5017452060042545,0.5882352941176471,0.8974358974358974
0.0,0.6818181818181818,0.7544277552522826,0.7416510618720519,0.3253956867279842,0.6818181818181818,0.8779904306220095
0.0,0.4,0.5769831120837542,0.4965063126673402,0.3344968040028363,0.4,0.917948717948718
1.0,0.5454545454545454,0.6651477082141272,0.7035264706814485,0.1428571428571428,0.5454545454545454,1.0
1.0,0.2727272727272727,0.5005458109740201,0.4183300132670378,0.0,0.2727272727272727,0.9464285714285714
1.0,0.631578947368421,0.7043314934452131,0.5665577237325318,0.3768891807222045,0.631578947368421,0.7435897435897435
1.0,0.7058823529411765,0.7710508415827836,0.676040864149498,0.4834937784152281,0.7058823529411765,0.8269230769230769
1.0,0.3157894736842105,0.4731017696039323,0.3150905445773504,0.0924500327042048,0.3157894736842105,0.8545454545454546
1.0,0.6875,0.7795413705531439,0.7571332305895535,0.2611164839335467,0.6875,0.9395604395604396
0.0,0.3684210526315789,0.521640258824661,0.4416419579791067,0.0877058019307029,0.3684210526315789,0.8833333333333333
0.0,0.3636363636363636,0.5318386231323955,0.4031128874149274,0.1507556722888818,0.3636363636363636,0.829059829059829
1.0,0.5625,0.6952563076101743,0.6651477158057467,0.1906925178491184,0.5625,0.9423076923076924
1.0,0.25,0.4784714488978284,0.3507803800100569,0.0,0.25,0.9464285714285714
1.0,0.631578947368421,0.7438012437628988,0.7261843774138907,0.2223747949983303,0.631578947368421,0.95
0.0,0.4285714285714285,0.6073022261268631,0.5581278304681095,0.0,0.4285714285714285,0.9454545454545454
1.0,0.5714285714285714,0.7142857142857143,0.7272727272727273,0.3333333333333333,0.5714285714285714,1.0
1.0,0.5789473684210527,0.7192982456140351,0.7333333333333333,0.2307692307692308,0.5789473684210527,1.0
1.0,0.5714285714285714,0.7043332143341582,0.6848064706908225,0.0690065559342354,0.5714285714285714,0.9558823529411764
1.0,0.8125,0.806590057269058,0.676040864149498,0.6446583712203042,0.7058823529411765,0.8269230769230769
0.0,0.375,0.5542903097250923,0.4564354645876384,0.0,0.375,0.9
1.0,0.5,0.6220084679281462,0.5051814855409226,0.4780914437337574,0.5,0.8055555555555556
0.0,0.2352941176470588,0.4077353481001665,0.2894683880793776,0.0,0.2352941176470588,0.8632478632478633
1.0,0.7333333333333333,0.8222222222222223,0.8461538461538463,0.2727272727272727,0.7333333333333333,1.0
1.0,0.5,0.6399554036692666,0.5660715144663384,0.2010075630518424,0.5,0.8881118881118881
1.0,0.7368421052631579,0.8146089035572159,0.7989408824726263,0.2760262237369417,0.7368421052631579,0.9485294117647058
0.0,0.3,0.5333333333333333,0.4615384615384616,0.2727272727272727,0.3,1.0
1.0,0.6666666666666666,0.7562492266756062,0.701560760020114,0.5400617248673217,0.6666666666666666,0.8928571428571429
1.0,0.4285714285714285,0.6005291005291006,0.6666666666666669,0.0714285714285714,0.4285714285714285,1.0
1.0,0.2857142857142857,0.5238095238095237,0.4444444444444444,0.1428571428571428,0.2857142857142857,1.0
1.0,0.6111111111111112,0.7294380017671728,0.7084673075914837,0.4003203845127179,0.6111111111111112,0.9476190476190476
1.0,0.6923076923076923,0.7948717948717948,0.8181818181818182,0.7777777777777778,0.6923076923076923,1.0
0.0,0.3,0.5086066999241838,0.3967800427596649,0.0,0.3,0.9285714285714286
1.0,0.4285714285714285,0.5468307696478325,0.4569538468837067,0.0,0.4285714285714285,0.8333333333333334
1.0,0.1851851851851851,0.4255425143106301,0.2535752581042436,0.1386750490563073,0.1785714285714285,0.9444444444444444
1.0,0.9333333333333332,0.9442528165819876,0.9016856642073428,0.8006407690254358,0.9333333333333332,0.9333333333333332
0.0,0.4117647058823529,0.5562278888310742,0.4225771273642583,0.4082482904638629,0.4117647058823529,0.8
1.0,0.8666666666666667,0.9111111111111112,0.9285714285714286,0.6666666666666667,0.8666666666666667,1.0
0.0,0.25,0.4784714488978284,0.3507803800100569,0.0,0.25,0.9464285714285714
0.0,0.4705882352941176,0.5582834842183376,0.6358507844578739,0.241746889207614,0.4705882352941176,0.8557692307692307
1.0,0.4615384615384615,0.6239200737091456,0.5692099788303083,0.4008918628686365,0.4615384615384615,0.9333333333333332
1.0,0.7692307692307693,0.7898383399480835,0.7180703308172536,0.7378647873726218,0.6428571428571429,0.9318181818181818
1.0,0.4545454545454545,0.5970026709263686,0.4899539464934427,0.1690308509457032,0.4545454545454545,0.8412698412698413
1.0,0.6428571428571429,0.7506020229311939,0.7643803118869156,0.3813850356982369,0.6428571428571429,0.935897435897436
1.0,0.3181818181818182,0.4545053079839818,0.5556623828915215,0.1290994448735805,0.2608695652173913,0.9738562091503268
0.0,0.4705882352941176,0.6067486823378432,0.5173371122933585,0.0,0.3888888888888889,0.9551282051282052
1.0,0.6666666666666666,0.7647007520546186,0.7390530175619408,0.4767312946227962,0.6666666666666666,0.935897435897436
1.0,0.4545454545454545,0.5612291927774642,0.3872983346207417,0.1767766952966368,0.4545454545454545,0.6666666666666666
1.0,0.5,0.5939763509046768,0.4865336327998411,0.6622661785325219,0.5,0.7142857142857143
1.0,0.5,0.6111111111111112,0.6319444444444445,0.2314550249431378,0.5,0.9107142857142856
1.0,0.6470588235294118,0.7647058823529411,0.7857142857142857,0.3333333333333333,0.6470588235294118,1.0
1.0,0.5,0.6314757303333053,0.5366563145999496,0.3508232077228117,0.5,0.85
1.0,0.5789473684210527,0.6753792929888549,0.5374838498865699,0.3768891807222045,0.5789473684210527,0.764957264957265
1.0,0.4285714285714285,0.5686037606447877,0.4500514373894348,0.1118033988749894,0.4285714285714285,0.9
0.0,0.5,0.6511541964151975,0.6067489204290133,0.4714045207910316,0.5,0.9363636363636364
1.0,0.6666666666666666,0.7777777777777777,0.7999999999999999,0.6153846153846154,0.6666666666666666,1.0
1.0,0.6666666666666666,0.7777777777777777,0.7999999999999998,0.3749999999999999,0.6666666666666666,1.0
1.0,0.7272727272727273,0.7706794600859995,0.5276879542846425,0.7385489458759965,0.7272727272727273,0.6153846153846154
1.0,0.4782608695652174,0.6521739130434782,0.6999999999999998,0.4375,0.4782608695652174,1.0
0.0,0.4736842105263157,0.6170215117225651,0.6024640760767093,0.3202563076101743,0.4736842105263157,0.9571428571428572
1.0,0.3333333333333333,0.5039403071317278,0.3622089663122213,0.0,0.3333333333333333,0.8285714285714285
0.0,0.7272727272727273,0.7691161066559653,0.6202202657617758,0.8164965809277261,0.7272727272727273,0.7272727272727273
0.0,0.2608695652173913,0.4655797101449275,0.3828125,0.0,0.2608695652173913,0.9464285714285714
1.0,0.7894736842105263,0.8244581864736563,0.8473520756841307,0.4244373438135827,0.7894736842105263,0.953216374269006
1.0,0.6111111111111112,0.7132950525681565,0.661257115273972,0.5962847939999439,0.6111111111111112,0.8487394957983194
1.0,0.5294117647058824,0.6383907893298133,0.5138093031466051,0.4622501635210243,0.5294117647058824,0.7818181818181817
0.0,0.4615384615384615,0.5919599294997883,0.4651651993213319,0.5443310539518174,0.4615384615384615,0.7954545454545454
1.0,0.3636363636363636,0.5145897694001511,0.3628873693012115,0.0,0.3636363636363636,0.7777777777777778
1.0,0.8,0.8471191495544278,0.8890598126264342,0.8207826816681232,0.8,0.9477124183006536
1.0,0.25,0.4621350868093061,0.316573307295685,0.1924500897298752,0.25,0.9025974025974026
1.0,0.6470588235294118,0.7647058823529411,0.7857142857142857,0.4166666666666667,0.6470588235294118,1.0
1.0,0.6111111111111112,0.7294380017671728,0.7084673075914837,0.4803844614152615,0.6111111111111112,0.9476190476190476
1.0,0.6666666666666666,0.7777777777777777,0.7999999999999998,0.6666666666666667,0.6666666666666666,1.0
0.0,0.3333333333333333,0.4943877491981308,0.3402069087198858,0.2581988897471611,0.3333333333333333,0.7916666666666667
1.0,0.7272727272727273,0.7691161066559653,0.6202202657617758,0.8164965809277261,0.7272727272727273,0.7272727272727273
0.0,0.3333333333333333,0.4804211119693832,0.3098386676965933,0.3144854510165755,0.3333333333333333,0.7333333333333334
0.0,0.3571428571428571,0.554323004112076,0.4743416490252569,0.2672612419124243,0.3571428571428571,0.9444444444444444
1.0,0.4,0.4902477149409703,0.2828427124746189,0.2041241452319314,0.3636363636363636,0.6
1.0,0.6363636363636364,0.7575757575757575,0.7777777777777778,0.7142857142857142,0.6363636363636364,1.0
1.0,0.5833333333333334,0.6731565106963694,0.5426927325415538,0.2721655269759087,0.5833333333333334,0.7613636363636364
0.0,0.5,0.6042768674015297,0.524466494798921,0.4834937784152281,0.4736842105263157,0.8701923076923077
1.0,0.6,0.6939723678960656,0.5879447357921312,0.1690308509457032,0.6,0.8095238095238095
1.0,0.4090909090909091,0.5681226926414621,0.5396843657947817,0.2760262237369417,0.4090909090909091,0.9669117647058824
1.0,0.6363636363636364,0.7575757575757575,0.7777777777777778,0.4285714285714285,0.6363636363636364,1.0
1.0,0.5833333333333334,0.7051166549057268,0.6640783086353597,0.4124789556921527,0.5833333333333334,0.9222222222222222
1.0,0.6363636363636364,0.7575757575757575,0.7777777777777778,0.2857142857142857,0.6363636363636364,1.0
1.0,0.5384615384615384,0.6923076923076922,0.6999999999999998,0.4999999999999999,0.5384615384615384,1.0
1.0,0.5,0.6666666666666666,0.6666666666666666,0.0,0.5,1.0
1.0,0.6875,0.7564757303333053,0.6559132733999384,0.4385290096535146,0.6875,0.8166666666666667
1.0,0.7777777777777778,0.8124908864145842,0.6859355250908198,0.2886751345948129,0.7777777777777778,0.7777777777777778
0.0,0.2941176470588235,0.5003687410976414,0.3803628871563654,0.3354101966249684,0.2941176470588235,0.9166666666666669
0.0,0.25,0.4681780112444302,0.3289214668121058,0.0,0.25,0.9191919191919192
0.0,0.5,0.6150514182428389,0.4829452884162951,0.5103103630798287,0.5,0.7714285714285714
1.0,0.3076923076923077,0.4840148806395636,0.3346640106136302,0.0,0.3076923076923077,0.8285714285714286
1.0,0.6111111111111112,0.7294380017671728,0.7084673075914837,0.2401922307076307,0.6111111111111112,0.9476190476190476
1.0,0.8333333333333334,0.8708573231978614,0.8902638145194514,0.7333333333333333,0.8333333333333334,1.0
1.0,0.5,0.6432232267337894,0.4930066485916347,0.3354101966249684,0.5,0.8833333333333334
0.0,0.2142857142857142,0.4571268233844972,0.3142696805273544,0.0,0.2142857142857142,0.9583333333333331
1.0,0.2857142857142857,0.4461311867586472,0.2706935254755425,0.0912870929175276,0.2857142857142857,0.7529411764705882
1.0,0.25,0.4621350868093061,0.316573307295685,0.0962250448649376,0.25,0.9025974025974026
1.0,0.3529411764705882,0.5276467907494019,0.4047960089109366,0.1066003581778052,0.3529411764705882,0.8615384615384616
0.0,0.1923076923076923,0.4424748087324827,0.2946278254943948,0.0,0.1923076923076923,1.0
1.0,0.2068965517241379,0.4361766485178462,0.3296398891966758,0.0,0.2068965517241379,0.9628482972136224
1.0,0.5,0.6314757303333053,0.5366563145999496,0.0,0.5,0.85
1.0,0.5833333333333334,0.6843573090315284,0.6043672230190351,0.2390457218668787,0.5833333333333334,0.7777777777777778
1.0,0.5384615384615384,0.6556776556776557,0.5999999999999999,0.3749999999999999,0.4285714285714285,1.0
1.0,0.7142857142857143,0.799178072940446,0.7568230077691597,0.4767312946227962,0.7142857142857143,0.935897435897436
1.0,0.3888888888888889,0.5795155668694335,0.5173371122933585,0.1906925178491184,0.3888888888888889,0.9551282051282052
1.0,0.4117647058823529,0.607843137254902,0.5833333333333334,0.0999999999999999,0.4117647058823529,1.0
